-5.25070E-04
-1.29112E-02
-4.92328E-03
1.90338E-02 
4.51480E-02 
1.85299E-02 
-6.28807E-02
-1.16472E-01
-5.11778E-02
1.32657E-01 
3.16423E-01 
3.65297E-01 
2.56380E-01 
9.06278E-02 
-9.40422E-03
-1.25578E-02
1.84312E-02 
2.68738E-02 
4.43004E-03 
-1.63423E-02
-1.23197E-02
-2.16992E-03
3.26865E-03 
1.28386E-03 
0.00000E+00 
0.00000E+00 
0.00000E+00 
0.00000E+00 
0.00000E+00 
0.00000E+00 
0.00000E+00 
0.00000E+00 
0.00000E+00 
0.00000E+00 
0.00000E+00 
0.00000E+00 
0.00000E+00 
0.00000E+00 
0.00000E+00 
0.00000E+00 
0.00000E+00 
0.00000E+00 
0.00000E+00 
0.00000E+00 
0.00000E+00 
0.00000E+00 
0.00000E+00 
0.00000E+00 
