6.953125e-01
8.750000e-01
7.968750e-01
5.312500e-01
-3.125000e-02
-6.796875e-01
-7.265625e-01
1.484375e-01
7.265625e-01
-1.953125e-01
-5.390625e-01
5.703125e-01
-2.109375e-01
-1.406250e-01
3.046875e-01
-3.906250e-01
3.593750e-01
-2.890625e-01
7.812500e-02
2.265625e-01
-5.390625e-01
5.000000e-01
1.171875e-01
-6.718750e-01
9.375000e-02
7.500000e-01
2.500000e-01
-5.468750e-01
-8.437500e-01
-6.484375e-01
-3.359375e-01
-9.375000e-02
-2.343750e-02
-1.171875e-01
-3.750000e-01
-7.109375e-01
-8.515625e-01
-4.843750e-01
3.671875e-01
7.578125e-01
-1.015625e-01
-6.718750e-01
3.750000e-01
2.421875e-01
-5.468750e-01
5.390625e-01
-4.140625e-01
3.437500e-01
-3.437500e-01
4.218750e-01
-5.078125e-01
4.921875e-01
-1.875000e-01
-3.437500e-01
6.250000e-01
-3.906250e-02
-7.109375e-01
-1.562500e-02
7.343750e-01
6.093750e-01
-1.562500e-02
-5.390625e-01
-8.125000e-01
-8.828125e-01
-8.984375e-01
-8.671875e-01
-8.046875e-01
-5.234375e-01
3.906250e-02
6.562500e-01
6.953125e-01
-1.640625e-01
-7.187500e-01
1.796875e-01
5.234375e-01
-5.625000e-01
1.875000e-01
1.328125e-01
-3.125000e-01
3.671875e-01
-3.593750e-01
2.734375e-01
-9.375000e-02
-2.187500e-01
5.390625e-01
-4.921875e-01
-1.093750e-01
6.796875e-01
-8.593750e-02
-7.578125e-01
-2.734375e-01
5.234375e-01
8.359375e-01
6.562500e-01
3.359375e-01
8.593750e-02
7.812500e-03
1.093750e-01
3.437500e-01
6.875000e-01
8.515625e-01
4.765625e-01
-3.671875e-01
-7.500000e-01
9.375000e-02
6.796875e-01
-3.828125e-01
-2.500000e-01
5.468750e-01
-5.312500e-01
4.296875e-01
-3.437500e-01
3.359375e-01
-4.296875e-01
5.078125e-01
-5.000000e-01
1.953125e-01
3.437500e-01
-6.250000e-01
3.906250e-02
7.109375e-01
7.812500e-03
-7.421875e-01
-6.171875e-01
1.562500e-02
5.312500e-01
7.968750e-01
8.828125e-01