-2.343750e-02
8.906250e-01
8.437500e-01
6.406250e-01
1.015625e-01
-6.250000e-01
-8.984375e-01
-9.375000e-02
8.750000e-01
1.250000e-01
-9.218750e-01
5.156250e-01
2.656250e-01
-7.968750e-01
9.218750e-01
-8.984375e-01
8.671875e-01
-8.750000e-01
9.375000e-01
-8.515625e-01
4.062500e-01
3.281250e-01
-9.296875e-01
4.140625e-01
7.734375e-01
-4.453125e-01
-8.828125e-01
-2.109375e-01
5.625000e-01
8.906250e-01
8.359375e-01
7.031250e-01
6.328125e-01
6.718750e-01
8.125000e-01
8.984375e-01
7.109375e-01
4.687500e-02
-7.890625e-01
-6.875000e-01
4.921875e-01
7.343750e-01
-7.421875e-01
-1.718750e-01
8.359375e-01
-8.984375e-01
6.875000e-01
-4.687500e-01
3.515625e-01
-4.218750e-01
6.171875e-01
-8.750000e-01
8.828125e-01
-3.828125e-01
-5.781250e-01
8.515625e-01
1.953125e-01
-8.828125e-01
-4.843750e-01
4.687500e-01
9.062500e-01
7.343750e-01
3.906250e-01
1.015625e-01
-7.812500e-03
5.468750e-02
3.046875e-01
6.484375e-01
8.984375e-01
6.484375e-01
-2.187500e-01
-9.140625e-01
-1.953125e-01
9.140625e-01
-1.250000e-01
-7.656250e-01
8.828125e-01
-4.921875e-01
4.687500e-02
2.500000e-01
-3.828125e-01
2.812500e-01
-4.687500e-02
-4.062500e-01
8.281250e-01
-8.593750e-01
1.093750e-01
8.359375e-01
-5.156250e-01
-8.046875e-01
1.953125e-01
8.750000e-01
6.796875e-01
1.640625e-01
-2.968750e-01
-5.468750e-01
-6.640625e-01
-5.859375e-01
-3.828125e-01
7.812500e-03
5.625000e-01
8.984375e-01
4.765625e-01
-6.015625e-01
-7.890625e-01
5.546875e-01
5.703125e-01
-9.062500e-01
4.062500e-01
2.187500e-01
-6.484375e-01
8.046875e-01
-8.671875e-01
8.359375e-01
-6.953125e-01
3.046875e-01
2.812500e-01
-8.437500e-01
7.187500e-01
3.203125e-01
-8.984375e-01
-2.734375e-01
7.656250e-01
7.656250e-01
1.093750e-01
-5.156250e-01
-8.125000e-01
-8.906250e-01