0.0	
25.9590663894939	
0.0	
2.90294878340474	
0.0	
1.05861567123123	
0.0	
0.550686152079758	
0.0	
0.34189743947688	
0.0	
0.236472244324485	
0.0	
0.176126956814796	
0.0	
0.138583564709512	
0.0	
0.113841574424316	
0.0	
0.0968778457991028	
0.0	
0.0849532942893729	
0.0	
0.0764809799521223	
0.0	
0.0705015583878378	
0.0	
0.0664214823266182	
0.0	
0.0638752228249364	
0.0	
0.0626508404605115	
0.0	
0.0626508404605151	
0.0	
0.0638752228249355	
0.0	
0.0664214823266175	
0.0	
0.0705015583878356	
0.0	
0.0764809799521184	
0.0	
0.0849532942893698	
0.0	
0.0968778457990992	
0.0	
0.113841574424306	
0.0	
0.138583564709502	
0.0	
0.176126956814789	
0.0	
0.236472244324476	
0.0	
0.341897439476865	
0.0	
0.55068615207974	
0.0	
1.05861567123121	
0.0	
2.90294878340471	
0.0	
25.9590663894938	
