   1.71445312500018e-04
  -1.89076783695868e-04
   4.63691788086550e-05
  -2.16245211248478e-04
   2.03885798821794e-04
  -2.89895445233421e-04
   2.40996189939173e-04
  -1.73590592429900e-04
   6.92705077699046e-05
  -2.61221813290302e-04
   2.27685059427862e-04
  -3.95060743530291e-04
   1.53538097368720e-04
  -2.34749573056201e-04
   8.66339992149576e-05
  -3.24371290631583e-04
   2.62824687219322e-04
  -3.88993924032452e-04
   2.28839845571266e-04
  -2.27898015413567e-04
   9.55054915474788e-05
  -3.38838914215085e-04
   4.02472672569470e-04
  -4.23876229716723e-04
   1.91181387437230e-04
  -1.78016198664020e-04
   2.02686778319704e-04
  -5.16562736541717e-04
   3.15363689934455e-04
  -4.65138471629444e-04
   1.53902264368635e-04
  -3.97725959118092e-04
   1.90429687499988e-04
  -4.70746753440967e-04
   3.82252352063101e-04
  -5.29908001260758e-04
   3.86029245104552e-04
  -3.97843094308589e-04
   7.42938687548256e-06
  -5.12649805294514e-04
   5.29244658732969e-04
  -1.03500788476608e-03
   3.42626008380882e-04
  -1.05514600037464e-04
  -1.53972328365889e-04
  -7.75948797726233e-04
   1.10861604621333e-03
  -1.44139702607019e-03
   4.33603360148376e-05
  -9.16148906560892e-06
  -9.56262175001718e-04
  -1.59377527533325e-03
   1.91697159407038e-03
  -3.17049950274523e-03
   7.72520198994958e-05
   2.13024407189519e-03
  -5.55942188133713e-03
  -4.08539385089739e-03
   9.82379615341673e-03
  -1.91908318220586e-02
  -1.00877065294329e-02
   3.56003993954516e-02
  -7.39357003309368e-02
  -3.36998356715519e-02
   5.45774445312500e-01
   5.45468851391798e-01
  -3.32998030154472e-02
  -7.43138294935466e-02
   3.59601854687235e-02
  -1.04427587765728e-02
  -1.88333893237421e-02
   9.46251548542116e-03
  -3.72313771046660e-03
  -5.92091164354913e-03
   2.49045058391226e-03
  -2.82718655290082e-04
  -2.81004808773793e-03
   1.55637845289846e-03
  -1.23308004068183e-03
  -1.31673846621301e-03
   3.51190937780687e-04
  -3.17043968227294e-04
  -1.08062647323142e-03
   7.47868880384336e-04
  -4.15388031678946e-04
  -5.14572028663634e-04
   2.54690755825450e-04
  -1.77831116485845e-05
  -6.74297640224990e-04
   1.68791722655593e-04
  -1.52241460047805e-04
  -3.53070677573999e-04
  -3.77132826011376e-05
   2.52005303390700e-05
  -1.68788538151098e-04
   2.25993257301102e-05
  -1.11289062500014e-04
  -1.71029798432277e-04
  -3.63431829156192e-05
  -2.06123653731058e-04
  -1.04830017567149e-04
  -4.53799359217843e-05
  -1.56293635318412e-04
  -1.57916147892260e-04
   1.82653793963740e-04
  -1.69194834366072e-04
  -6.32896828776489e-05
   4.19921310147825e-05
   2.13398448763648e-05
  -2.65137007322633e-04
   1.32915094855027e-04
  -1.31856910334752e-04
  -2.83447110148239e-05
  -9.75629545629046e-05
   3.57376877245608e-05
  -2.73721573288173e-04
   1.25702950978342e-04
  -2.07043119667559e-04
  -3.43889013353945e-05
  -1.32771317312620e-04
   9.90693841248943e-05
  -2.91169799295374e-04
   1.86997341896405e-04
  -1.19599686219902e-04
   7.07610959582773e-05
  -1.56535129794888e-04
   1.44107340404598e-04
  -3.14097221157531e-04
