-0.000720	
0.004915	
0.008899	
0.008242	
0.000929	
-0.011047	
-0.022072	
-0.024149	
-0.009116	
0.032521	
0.105701	
0.212552	
0.352598	
0.518296	
0.692914	
0.865292	
0.964984	
1.038434	
1.053939	
1.035382	
1.034166	
1.008938	
1.011371	
1.018637	
1.012931	
0.976367	
0.896669	
0.761322	
0.559417	
0.287479	
-0.043586	
-0.401066	
-0.743480	
-0.960380	
-1.055436	
-0.978398	
-0.744477	
-0.424645	
-0.026495	
0.341061	
0.639379	
0.839278	
0.930850	
0.919487	
0.808322	
0.600447	
0.307478	
-0.045867	
-0.416953	
-0.760816	
-0.970102	
-1.055444	
-0.968569	
-0.726679	
-0.408161	
-0.024636	
0.318966	
0.595234	
0.790980	
0.912692	
0.980094	
1.008429	
1.010403	
1.000833	
0.992968	
0.995511	
1.021633	
1.017455	
1.033290	
1.024629	
1.008905	
1.020707	
1.008582	
1.018062	
1.026473	
1.018275	
0.978096	
0.892262	
0.750028	
0.544269	
0.275639	
-0.041341	
-0.374430	
-0.691614	
-0.902790	
-1.045011	
-1.083248	
-1.061858	
-1.047625	
-1.009294	
-1.004681	
-1.010801	
-1.007586	
-0.974784	
-0.892207	
-0.750028	
-0.544269	
-0.275639	
0.041341	
0.374430	
0.691614	
0.902790	
1.045011	
1.083248	
1.061858	
1.047625	
1.009294	
1.004681	
1.010801	
1.007586	
0.974784	
0.892207	
0.750028	
0.544269	
0.275639	
-0.041341	
-0.374430	
-0.691614	
-0.902790	
-1.045011	
-1.083248	
-1.061858	
-1.047625	
-1.009294	
-1.004681	
-1.010801	
-1.007586	
-0.974711	
-0.896642	
-0.761322	
-0.559417	
-0.287479	
0.043586	
0.401066	
0.743480	
0.960380	
1.056876	
0.968569	
0.726679	
0.408161	
0.024636	
-0.318966	
-0.595234	
-0.790980	
-0.912765	
-0.975660	
-0.997135	
-0.995255	
-0.988993	
-0.995213	
-1.022146	
-1.073498	
-1.075044	
-1.043715	
-0.919779	
-0.691524	
-0.397727	
-0.025783	
0.327680	
0.623707	
0.828589	
0.927611	
0.914997	
0.797028	
0.585299	
0.295638	
-0.043623	
-0.390318	
-0.708950	
-0.912513	
-1.042139	
-1.093078	
-1.079656	
-1.064109	
-1.011153	
-0.982586	
-0.966656	
-0.959288	
-0.956626	
-0.952815	
-0.950135	
-0.954225	
-0.968994	
-0.997494	
-1.038034	
-1.090834	
-1.084767	
-1.042283	
-0.919779	
-0.691524	
-0.397727	
-0.025783	
0.327680	
0.623707	
0.828589	
0.927538	
0.919432	
0.808322	
0.600447	
0.307478	
-0.045867	
-0.416953	
-0.760816	
-0.970102	
-1.055444	
-0.968569	
-0.726679	
-0.408161	
-0.024636	
0.318966	
0.595234	
0.790980	
0.912692	
0.980094	
1.008429	
1.010403	
1.000833	
0.992968	
0.995511	
1.021633	
1.017455	
1.033290	
1.024629	
1.008905	
1.020707	
1.008582	
1.018062	
1.026473	
1.018275	
0.978022	
0.896697	
0.761322	
0.559417	
0.287479	
-0.043586	
-0.401066	
-0.743480	
-0.960380	
-1.056876	
-0.968569	
-0.726679	
-0.408161	
-0.024636	
0.318966	
0.595234	
0.790980	
0.912692	
0.980094	
1.008429	
1.010403	
1.000833	
0.992968	
0.995511	
1.021633	
1.017455	
1.033290	
1.024629	
1.008905	
1.020707	
1.008582	
1.018062	
1.026473	
1.018275	
0.978022	
0.896697	
0.761322	
0.559417	
0.287479	
-0.043586	
-0.401066	
-0.743480	
-0.960380	
-1.055436	
-0.978398	
-0.744477	
-0.424645	
-0.026495	
0.341061	
0.639379	
0.839278	
0.930850	
0.919487	
0.808322	
0.600447	
0.307478	
-0.045867	
-0.416953	
-0.760816	
-0.970102	
-1.055444	
-0.968569	
-0.726679	
-0.408161	
-0.024636	
0.318966	
0.595234	
0.790980	
0.912692	
0.980094	
1.008429	
1.010403	
1.000833	
0.992968	
0.995511	
1.021633	
1.017455	
1.033290	
1.024629	
1.008905	
1.020707	
1.008582	
1.018062	
1.026473	
1.018275	
0.978096	
0.892262	
0.750028	
0.544269	
0.275639	
-0.041341	
-0.374430	
-0.691614	
-0.902790	
-1.045011	
-1.083248	
-1.061858	
-1.047625	
-1.009294	
-1.004681	
-1.010801	
-1.007586	
-0.974784	
-0.892207	
-0.750028	
-0.544269	
-0.275639	
0.041341	
0.374430	
0.691614	
0.902790	
1.045011	
1.083248	
1.061858	
1.047625	
1.009294	
1.004681	
1.010801	
1.007586	
0.974711	
0.896642	
0.761322	
0.559417	
0.287479	
-0.043586	
-0.401066	
-0.743480	
-0.960380	
-1.055436	
-0.978398	
-0.744477	
-0.424645	
-0.026495	
0.341061	
0.639379	
0.839278	
0.930850	
0.919487	
0.808322	
0.600447	
0.307478	
-0.045867	
-0.416953	
-0.760816	
-0.970102	
-1.055444	
-0.968569	
-0.726679	
-0.408161	
-0.024636	
0.318966	
0.595234	
0.790980	
0.912692	
0.980094	
1.008429	
1.010403	
1.000833	
0.992968	
0.995511	
1.021633	
1.017455	
1.031850	
1.034459	
1.026703	
1.037191	
1.010441	
0.995967	
0.982328	
0.969977	
0.959864	
0.957304	
0.961429	
0.969373	
0.980834	
0.995250	
1.011398	
1.038969	
1.027177	
1.031857	
1.024629	
1.008905	
1.020707	
1.008582	
1.018062	
1.026473	
1.018275	
0.978022	
0.896697	
0.761322	
0.559417	
0.287479	
-0.043586	
-0.401066	
-0.743480	
-0.960380	
-1.055436	
-0.978398	
-0.744477	
-0.424645	
-0.026495	
0.341061	
0.639379	
0.839278	
0.930923	
0.915052	
0.797028	
0.585299	
0.295638	
-0.043623	
-0.390318	
-0.708950	
-0.912513	
-1.042139	
-1.093078	
-1.079656	
-1.064109	
-1.011153	
-0.982586	
-0.966656	
-0.959288	
-0.956626	
-0.952815	
-0.950135	
-0.954225	
-0.968994	
-0.997494	
-1.038034	
-1.090834	
-1.084767	
-1.042283	
-0.919779	
-0.691524	
-0.397727	
-0.025783	
0.327680	
0.623707	
0.828589	
0.927611	
0.914997	
0.797028	
0.585299	
0.295638	
-0.043623	
-0.390318	
-0.708950	
-0.912513	
-1.043579	
-1.083248	
-1.061858	
-1.047625	
-1.009294	
-1.004681	
-1.010801	
-1.007586	
-0.974711	
-0.896642	
-0.761322	
-0.559417	
-0.287479	
0.043586	
0.401066	
0.743480	
0.960380	
1.056876	
0.968569	
0.726679	
0.408161	
0.024636	
-0.318966	
-0.595234	
-0.790980	
-0.912765	
-0.975660	
-0.997135	
-0.995255	
-0.988993	
-0.995213	
-1.022146	
-1.073498	
-1.075044	
-1.043715	
-0.919779	
-0.691524	
-0.397727	
-0.025783	
0.327680	
0.623707	
0.828589	
0.927538	
0.919432	
0.808322	
0.600447	
0.307478	
-0.045867	
-0.416953	
-0.760816	
-0.970102	
-1.055444	
-0.968569	
-0.726679	
-0.408161	
-0.024636	
0.318966	
0.595234	
0.790980	
0.912765	
0.975660	
0.997135	
0.995255	
0.988993	
0.995213	
1.022146	
1.073498	
1.075044	
1.045155	
0.909950	
0.673726	
0.381242	
0.023924	
-0.305586	
-0.579562	
-0.780291	
-0.909453	
-0.975605	
-0.997135	
-0.995255	
-0.988993	
-0.995213	
-1.022146	
-1.073498	
-1.075044	
-1.043715	
-0.919779	
-0.691524	
-0.397727	
-0.025783	
0.327680	
0.623707	
0.828589	
0.927611	
0.914997	
0.797028	
0.585299	
0.295638	
-0.043623	
-0.390318	
-0.708950	
-0.912513	
-1.043579	
-1.083248	
-1.061858	
-1.047625	
-1.009294	
-1.004681	
-1.010801	
-1.007586	
-0.974784	
-0.892207	
-0.750028	
-0.544269	
-0.275639	
0.041341	
0.374430	
0.691614	
0.902790	
1.045011	
1.083248	
1.061858	
1.047625	
1.009294	
1.004681	
1.010801	
1.007586	
0.974711	
0.896642	
0.761322	
0.559417	
0.287479	
-0.043586	
-0.401066	
-0.743480	
-0.960380	
-1.055436	
-0.978398	
-0.744477	
-0.424645	
-0.026495	
0.341061	
0.639379	
0.839278	
0.930850	
0.919487	
0.808322	
0.600447	
0.307478	
-0.045867	
-0.416953	
-0.760816	
-0.970102	
-1.054004	
-0.978398	
-0.744477	
-0.424645	
-0.026495	
0.341061	
0.639379	
0.839278	
0.930923	
0.915052	
0.797028	
0.585299	
0.295638	
-0.043623	
-0.390318	
-0.708950	
-0.912513	
-1.043579	
-1.083248	
-1.061858	
-1.047625	
-1.009294	
-1.004681	
-1.010801	
-1.007586	
-0.974784	
-0.892207	
-0.750028	
-0.544269	
-0.275639	
0.041341	
0.374430	
0.691614	
0.902790	
1.043571	
1.093078	
1.079656	
1.064109	
1.011153	
0.982586	
0.966656	
0.959288	
0.956626	
0.952815	
0.950135	
0.954225	
0.968994	
0.997494	
1.038034	
1.090834	
1.084767	
1.043723	
0.909950	
0.673726	
0.381242	
0.023924	
-0.305586	
-0.579562	
-0.780291	
-0.909453	
-0.975605	
-0.997135	
-0.995255	
-0.988993	
-0.995213	
-1.022146	
-1.073498	
-1.075044	
-1.045155	
-0.909950	
-0.673726	
-0.381242	
-0.023924	
0.305586	
0.579562	
0.780291	
0.909453	
0.975605	
0.997135	
0.995255	
0.988993	
0.995213	
1.022146	
1.073498	
1.075044	
1.043715	
0.919779	
0.691524	
0.397727	
0.025783	
-0.327680	
-0.623707	
-0.828589	
-0.927538	
-0.919432	
-0.808322	
-0.600447	
-0.307478	
0.045867	
0.416953	
0.760816	
0.970102	
1.054004	
0.978398	
0.744477	
0.424645	
0.026495	
-0.341061	
-0.639379	
-0.839278	
-0.930923	
-0.915052	
-0.797028	
-0.585299	
-0.295638	
0.043623	
0.390318	
0.708950	
0.912513	
1.043579	
1.083248	
1.061858	
1.047625	
1.009294	
1.004681	
1.010801	
1.007586	
0.974784	
0.892207	
0.750028	
0.544269	
0.275639	
-0.041341	
-0.374430	
-0.691614	
-0.902790	
-1.043571	
-1.093078	
-1.079656	
-1.064109	
-1.011153	
-0.982586	
-0.966656	
-0.959288	
-0.956553	
-0.957249	
-0.961429	
-0.969373	
-0.980834	
-0.995250	
-1.011398	
-1.038969	
-1.027177	
-1.030417	
-1.034459	
-1.026703	
-1.037191	
-1.010441	
-0.995967	
-0.982328	
-0.969977	
-0.959938	
-0.952870	
-0.950135	
-0.954225	
-0.968994	
-0.997494	
-1.038034	
-1.090834	
-1.084767	
-1.042283	
-0.919779	
-0.691524	
-0.397727	
-0.025783	
0.327680	
0.623707	
0.828589	
0.927538	
0.919432	
0.808322	
0.600447	
0.307478	
-0.045867	
-0.416953	
-0.760816	
-0.970102	
-1.055444	
-0.968569	
-0.726679	
-0.408161	
-0.024636	
0.318966	
0.595234	
0.790980	
0.912692	
0.980094	
1.008429	
1.010403	
1.000833	
0.992968	
0.995511	
1.021633	
1.017455	
1.033290	
1.024629	
1.008905	
1.020707	
1.008582	
1.018062	
1.026473	
1.018275	
0.978022	
0.896697	
0.761322	
0.559417	
0.287479	
-0.043586	
-0.401066	
-0.743480	
-0.960380	
-1.055436	
-0.978398	
-0.744477	
-0.424645	
-0.026495	
0.341061	
0.639379	
0.839278	
0.930850	
0.919487	
0.808322	
0.600447	
0.307478	
-0.045867	
-0.416953	
-0.760816	
-0.970102	
-1.054004	
-0.978398	
-0.744477	
-0.424645	
-0.026495	
0.341061	
0.639379	
0.839278	
0.930923	
0.915052	
0.797028	
0.585299	
0.295638	
-0.043623	
-0.390318	
-0.708950	
-0.912513	
-1.042139	
-1.093078	
-1.079656	
-1.064109	
-1.011153	
-0.982586	
-0.966656	
-0.959288	
-0.956553	
-0.957249	
-0.961429	
-0.969373	
-0.980834	
-0.995250	
-1.011398	
-1.038969	
-1.027177	
-1.031857	
-1.024629	
-1.008905	
-1.020707	
-1.008582	
-1.018062	
-1.026473	
-1.018275	
-0.978022	
-0.896697	
-0.761322	
-0.559417	
-0.287479	
0.043586	
0.401066	
0.743480	
0.960380	
1.055436	
0.978398	
0.744477	
0.424645	
0.026495	
-0.341061	
-0.639379	
-0.839278	
-0.930923	
-0.915052	
-0.797028	
-0.585299	
-0.295638	
0.043623	
0.390318	
0.708950	
0.912513	
1.042139	
1.093078	
1.079656	
1.064109	
1.011153	
0.982586	
0.966656	
0.959288	
0.956626	
0.952815	
0.950135	
0.954225	
0.968994	
0.997494	
1.038034	
1.090834	
1.084767	
1.042283	
0.919779	
0.691524	
0.397727	
0.025783	
-0.327680	
-0.623707	
-0.828589	
-0.927538	
-0.919432	
-0.808322	
-0.600447	
-0.307478	
0.045867	
0.416953	
0.760816	
0.970102	
1.055444	
0.968569	
0.726679	
0.408161	
0.024636	
-0.318966	
-0.595234	
-0.790980	
-0.912765	
-0.975660	
-0.997135	
-0.995255	
-0.988993	
-0.995213	
-1.022146	
-1.073498	
-1.075044	
-1.045155	
-0.909950	
-0.673726	
-0.381242	
-0.023924	
0.305586	
0.579562	
0.780291	
0.909453	
0.975605	
0.997135	
0.995255	
0.988993	
0.995213	
1.022146	
1.073498	
1.075044	
1.045155	
0.909950	
0.673726	
0.381242	
0.023924	
-0.305586	
-0.579562	
-0.780291	
-0.909453	
-0.975605	
-0.997135	
-0.995255	
-0.988993	
-0.995213	
-1.022146	
-1.073498	
-1.075044	
-1.043715	
-0.919779	
-0.691524	
-0.397727	
-0.025783	
0.327680	
0.623707	
0.828589	
0.927611	
0.914997	
0.797028	
0.585299	
0.295638	
-0.043623	
-0.390318	
-0.708950	
-0.912513	
-1.043579	
-1.083248	
-1.061858	
-1.047625	
-1.009294	
-1.004681	
-1.010801	
-1.007586	
-0.974711	
-0.896642	
-0.761322	
-0.559417	
-0.287479	
0.043586	
0.401066	
0.743480	
0.960380	
1.055436	
0.978398	
0.744477	
0.424645	
0.026495	
-0.341061	
-0.639379	
-0.839278	
-0.930923	
-0.915052	
-0.797028	
-0.585299	
-0.295638	
0.043623	
0.390318	
0.708950	
0.912513	
1.043579	
1.083248	
1.061858	
1.047625	
1.009294	
1.004681	
1.010801	
1.007586	
0.974784	
0.892207	
0.750028	
0.544269	
0.275639	
-0.041341	
-0.374430	
-0.691614	
-0.902790	
-1.045011	
-1.083248	
-1.061858	
-1.047625	
-1.009294	
-1.004681	
-1.010801	
-1.007586	
-0.974784	
-0.892207	
-0.750028	
-0.544269	
-0.275639	
0.041341	
0.374430	
0.691614	
0.902790	
1.045011	
1.083248	
1.061858	
1.047625	
1.009294	
1.004681	
1.010801	
1.007586	
0.974784	
0.892207	
0.750028	
0.544269	
0.275639	
-0.041341	
-0.374430	
-0.691614	
-0.902790	
-1.043571	
-1.093078	
-1.079656	
-1.064109	
-1.011153	
-0.982586	
-0.966656	
-0.959288	
-0.956553	
-0.957249	
-0.961429	
-0.969373	
-0.980834	
-0.995250	
-1.011398	
-1.038969	
-1.027177	
-1.030417	
-1.034459	
-1.026703	
-1.037191	
-1.010441	
-0.995967	
-0.982328	
-0.969977	
-0.959864	
-0.957304	
-0.961429	
-0.969373	
-0.980834	
-0.995250	
-1.011398	
-1.038969	
-1.027177	
-1.031857	
-1.024629	
-1.008905	
-1.020707	
-1.008582	
-1.018062	
-1.026473	
-1.018275	
-0.978096	
-0.892262	
-0.750028	
-0.544269	
-0.275639	
0.041341	
0.374430	
0.691614	
0.902790	
1.043571	
1.093078	
1.079656	
1.064109	
1.011153	
0.982586	
0.966656	
0.959288	
0.956553	
0.957249	
0.961429	
0.969373	
0.980834	
0.995250	
1.011398	
1.038969	
1.027177	
1.031857	
1.024629	
1.008905	
1.020707	
1.008582	
1.018062	
1.026473	
1.018275	
0.978022	
0.896697	
0.761322	
0.559417	
0.287479	
-0.043586	
-0.401066	
-0.743480	
-0.960380	
-1.055436	
-0.978398	
-0.744477	
-0.424645	
-0.026495	
0.341061	
0.639379	
0.839278	
0.930923	
0.915052	
0.797028	
0.585299	
0.295638	
-0.043623	
-0.390318	
-0.708950	
-0.912513	
-1.043579	
-1.083248	
-1.061858	
-1.047625	
-1.009294	
-1.004681	
-1.010801	
-1.007586	
-0.974784	
-0.892207	
-0.750028	
-0.544269	
-0.275639	
0.041341	
0.374430	
0.691614	
0.902790	
1.045011	
1.083248	
1.061858	
1.047625	
1.009294	
1.004681	
1.010801	
1.007586	
0.974784	
0.892207	
0.750028	
0.544269	
0.275639	
-0.041341	
-0.374430	
-0.691614	
-0.902790	
-1.043571	
-1.093078	
-1.079656	
-1.064109	
-1.011153	
-0.982586	
-0.966656	
-0.959288	
-0.956626	
-0.952815	
-0.950135	
-0.954225	
-0.968994	
-0.997494	
-1.038034	
-1.090834	
-1.084767	
-1.042283	
-0.919779	
-0.691524	
-0.397727	
-0.025783	
0.327680	
0.623707	
0.828589	
0.927538	
0.919432	
0.808322	
0.600447	
0.307478	
-0.045867	
-0.416953	
-0.760816	
-0.970102	
-1.054004	
-0.978398	
-0.744477	
-0.424645	
-0.026495	
0.341061	
0.639379	
0.839278	
0.930923	
0.915052	
0.797028	
0.585299	
0.295638	
-0.043623	
-0.390318	
-0.708950	
-0.912513	
-1.042139	
-1.093078	
-1.079656	
-1.064109	
-1.011153	
-0.982586	
-0.966656	
-0.959288	
-0.956553	
-0.957249	
-0.961429	
-0.969373	
-0.980834	
-0.995250	
-1.011398	
-1.038969	
-1.027177	
-1.030417	
-1.034459	
-1.026703	
-1.037191	
-1.010441	
-0.995967	
-0.982328	
-0.969977	
-0.959938	
-0.952870	
-0.950135	
-0.954225	
-0.968994	
-0.997494	
-1.038034	
-1.090834	
-1.084767	
-1.042283	
-0.919779	
-0.691524	
-0.397727	
-0.025783	
0.327680	
0.623707	
0.828589	
0.927611	
0.914997	
0.797028	
0.585299	
0.295638	
-0.043623	
-0.390318	
-0.708950	
-0.912513	
-1.042139	
-1.093078	
-1.079656	
-1.064109	
-1.011153	
-0.982586	
-0.966656	
-0.959288	
-0.956553	
-0.957249	
-0.961429	
-0.969373	
-0.980834	
-0.995250	
-1.011398	
-1.038969	
-1.027177	
-1.030417	
-1.034459	
-1.026703	
-1.037191	
-1.010441	
-0.995967	
-0.982328	
-0.969977	
-0.959938	
-0.952870	
-0.950135	
-0.954225	
-0.968994	
-0.997494	
-1.038034	
-1.090834	
-1.084767	
-1.043723	
-0.909950	
-0.673726	
-0.381242	
-0.023924	
0.305586	
0.579562	
0.780291	
0.909380	
0.980039	
1.008429	
1.010403	
1.000833	
0.992968	
0.995511	
1.021633	
1.017455	
1.031850	
1.034459	
1.026703	
1.037191	
1.010441	
0.995967	
0.982328	
0.969977	
0.959864	
0.957304	
0.961429	
0.969373	
0.980834	
0.995250	
1.011398	
1.038969	
1.027177	
1.031857	
1.024629	
1.008905	
1.020707	
1.008582	
1.018062	
1.026473	
1.018275	
0.978096	
0.892262	
0.750028	
0.544269	
0.275639	
-0.041341	
-0.374430	
-0.691614	
-0.902790	
-1.043571	
-1.093078	
-1.079656	
-1.064109	
-1.011153	
-0.982586	
-0.966656	
-0.959288	
-0.956553	
-0.957249	
-0.961429	
-0.969373	
-0.980834	
-0.995250	
-1.011398	
-1.038969	
-1.027177	
-1.031857	
-1.024629	
-1.008905	
-1.020707	
-1.008582	
-1.018062	
-1.026473	
-1.018275	
-0.978096	
-0.892262	
-0.750028	
-0.544269	
-0.275639	
0.041341	
0.374430	
0.691614	
0.902790	
1.043571	
1.093078	
1.079656	
1.064109	
1.011153	
0.982586	
0.966656	
0.959288	
0.956626	
0.952815	
0.950135	
0.954225	
0.968994	
0.997494	
1.038034	
1.090834	
1.084767	
1.043723	
0.909950	
0.673726	
0.381242	
0.023924	
-0.305586	
-0.579562	
-0.780291	
-0.909453	
-0.975605	
-0.997135	
-0.995255	
-0.988993	
-0.995213	
-1.022146	
-1.073498	
-1.075044	
-1.043715	
-0.919779	
-0.691524	
-0.397727	
-0.025783	
0.327680	
0.623707	
0.828589	
0.927538	
0.919432	
0.808322	
0.600447	
0.307478	
-0.045867	
-0.416953	
-0.760816	
-0.970102	
-1.055444	
-0.968569	
-0.726679	
-0.408161	
-0.024636	
0.318966	
0.595234	
0.790980	
0.912692	
0.980094	
1.008429	
1.010403	
1.000833	
0.992968	
0.995511	
1.021633	
1.017455	
1.031850	
1.034459	
1.026703	
1.037191	
1.010441	
0.995967	
0.982328	
0.969977	
0.959938	
0.952870	
0.950135	
0.954225	
0.968994	
0.997494	
1.038034	
1.090834	
1.084767	
1.042283	
0.919779	
0.691524	
0.397727	
0.025783	
-0.327680	
-0.623707	
-0.828589	
-0.927611	
-0.914997	
-0.797028	
-0.585299	
-0.295638	
0.043623	
0.390318	
0.708950	
0.912513	
1.042139	
1.093078	
1.079656	
1.064109	
1.011153	
0.982586	
0.966656	
0.959288	
0.956553	
0.957249	
0.961429	
0.969373	
0.980834	
0.995250	
1.011398	
1.038969	
1.027177	
1.031857	
1.024629	
1.008905	
1.020707	
1.008582	
1.018062	
1.026473	
1.018275	
0.978022	
0.896697	
0.761322	
0.559417	
0.287479	
-0.043586	
-0.401066	
-0.743480	
-0.960380	
-1.055436	
-0.978398	
-0.744477	
-0.424645	
-0.026495	
0.341061	
0.639379	
0.839278	
0.930850	
0.919487	
0.808322	
0.600447	
0.307478	
-0.045867	
-0.416953	
-0.760816	
-0.970102	
-1.055444	
-0.968569	
-0.726679	
-0.408161	
-0.024636	
0.318966	
0.595234	
0.790980	
0.912765	
0.975660	
0.997135	
0.995255	
0.988993	
0.995213	
1.022146	
1.073498	
1.075044	
1.045155	
0.909950	
0.673726	
0.381242	
0.023924	
-0.305586	
-0.579562	
-0.780291	
-0.909453	
-0.975605	
-0.997135	
-0.995255	
-0.988993	
-0.995213	
-1.022146	
-1.073498	
-1.075044	
-1.043715	
-0.919779	
-0.691524	
-0.397727	
-0.025783	
0.327680	
0.623707	
0.828589	
0.927538	
0.919432	
0.808322	
0.600447	
0.307478	
-0.045867	
-0.416953	
-0.760816	
-0.970102	
-1.054004	
-0.978398	
-0.744477	
-0.424645	
-0.026495	
0.341061	
0.639379	
0.839278	
0.930923	
0.915052	
0.797028	
0.585299	
0.295638	
-0.043623	
-0.390318	
-0.708950	
-0.912513	
-1.043579	
-1.083248	
-1.061858	
-1.047625	
-1.009294	
-1.004681	
-1.010801	
-1.007586	
-0.974711	
-0.896642	
-0.761322	
-0.559417	
-0.287479	
0.043586	
0.401066	
0.743480	
0.960380	
1.056876	
0.968569	
0.726679	
0.408161	
0.024636	
-0.318966	
-0.595234	
-0.790980	
-0.912765	
-0.975660	
-0.997135	
-0.995255	
-0.988993	
-0.995213	
-1.022146	
-1.073498	
-1.075044	
-1.043715	
-0.919779	
-0.691524	
-0.397727	
-0.025783	
0.327680	
0.623707	
0.828589	
0.927538	
0.919432	
0.808322	
0.600447	
0.307478	
-0.045867	
-0.416953	
-0.760816	
-0.970102	
-1.054004	
-0.978398	
-0.744477	
-0.424645	
-0.026495	
0.341061	
0.639379	
0.839278	
0.930850	
0.919487	
0.808322	
0.600447	
0.307478	
-0.045867	
-0.416953	
-0.760816	
-0.970102	
-1.055444	
-0.968569	
-0.726679	
-0.408161	
-0.024636	
0.318966	
0.595234	
0.790980	
0.912765	
0.975660	
0.997135	
0.995255	
0.988993	
0.995213	
1.022146	
1.073498	
1.075044	
1.045155	
0.909950	
0.673726	
0.381242	
0.023924	
-0.305586	
-0.579562	
-0.780291	
-0.909380	
-0.980039	
-1.008429	
-1.010403	
-1.000833	
-0.992968	
-0.995511	
-1.021633	
-1.017455	
-1.033290	
-1.024629	
-1.008905	
-1.020707	
-1.008582	
-1.018062	
-1.026473	
-1.018275	
-0.978022	
-0.896697	
-0.761322	
-0.559417	
-0.287479	
0.043586	
0.401066	
0.743480	
0.960380	
1.056876	
0.968569	
0.726679	
0.408161	
0.024636	
-0.318966	
-0.595234	
-0.790980	
-0.912692	
-0.980094	
-1.008429	
-1.010403	
-1.000833	
-0.992968	
-0.995511	
-1.021633	
-1.017455	
-1.031850	
-1.034459	
-1.026703	
-1.037191	
-1.010441	
-0.995967	
-0.982328	
-0.969977	
-0.959938	
-0.952870	
-0.950135	
-0.954225	
-0.968994	
-0.997494	
-1.038034	
-1.090834	
-1.084767	
-1.042283	
-0.919779	
-0.691524	
-0.397727	
-0.025783	
0.327680	
0.623707	
0.828589	
0.927611	
0.914997	
0.797028	
0.585299	
0.295638	
-0.043623	
-0.390318	
-0.708950	
-0.912513	
-1.042139	
-1.093078	
-1.079656	
-1.064109	
-1.011153	
-0.982586	
-0.966656	
-0.959288	
-0.956626	
-0.952815	
-0.950135	
-0.954225	
-0.968994	
-0.997494	
-1.038034	
-1.090834	
-1.084767	
-1.043723	
-0.909950	
-0.673726	
-0.381242	
-0.023924	
0.305586	
0.579562	
0.780291	
0.909380	
0.980039	
1.008429	
1.010403	
1.000833	
0.992968	
0.995511	
1.021633	
1.017455	
1.031850	
1.034459	
1.026703	
1.037191	
1.010441	
0.995967	
0.982328	
0.969977	
0.959864	
0.957304	
0.961429	
0.969373	
0.980834	
0.995250	
1.011398	
1.038969	
1.027177	
1.030417	
1.034459	
1.026703	
1.037191	
1.010441	
0.995967	
0.982328	
0.969977	
0.959938	
0.952870	
0.950135	
0.954225	
0.968994	
0.997494	
1.038034	
1.090834	
1.084767	
1.043723	
0.909950	
0.673726	
0.381242	
0.023924	
-0.305586	
-0.579562	
-0.780291	
-0.909380	
-0.980039	
-1.008429	
-1.010403	
-1.000833	
-0.992968	
-0.995511	
-1.021633	
-1.017455	
-1.031850	
-1.034459	
-1.026703	
-1.037191	
-1.010441	
-0.995967	
-0.982328	
-0.969977	
-0.959864	
-0.957304	
-0.961429	
-0.969373	
-0.980834	
-0.995250	
-1.011398	
-1.038969	
-1.027177	
-1.030417	
-1.034459	
-1.026703	
-1.037191	
-1.010441	
-0.995967	
-0.982328	
-0.969977	
-0.959938	
-0.952870	
-0.950135	
-0.954225	
-0.968994	
-0.997494	
-1.038034	
-1.090834	
-1.084767	
-1.043723	
-0.909950	
-0.673726	
-0.381242	
-0.023924	
0.305586	
0.579562	
0.780291	
0.909453	
0.975605	
0.997135	
0.995255	
0.988993	
0.995213	
1.022146	
1.073498	
1.075044	
1.043715	
0.919779	
0.691524	
0.397727	
0.025783	
-0.327680	
-0.623707	
-0.828589	
-0.927611	
-0.914997	
-0.797028	
-0.585299	
-0.295638	
0.043623	
0.390318	
0.708950	
0.912513	
1.043579	
1.083248	
1.061858	
1.047625	
1.009294	
1.004681	
1.010801	
1.007586	
0.974784	
0.892207	
0.750028	
0.544269	
0.275639	
-0.041341	
-0.374430	
-0.691614	
-0.902790	
-1.043571	
-1.093078	
-1.079656	
-1.064109	
-1.011153	
-0.982586	
-0.966656	
-0.959288	
-0.956626	
-0.952815	
-0.950135	
-0.954225	
-0.968994	
-0.997494	
-1.038034	
-1.090834	
-1.084767	
-1.043723	
-0.909950	
-0.673726	
-0.381242	
-0.023924	
0.305586	
0.579562	
0.780291	
0.909453	
0.975605	
0.997135	
0.995255	
0.988993	
0.995213	
1.022146	
1.073498	
1.075044	
1.043715	
0.919779	
0.691524	
0.397727	
0.025783	
-0.327680	
-0.623707	
-0.828589	
-0.927611	
-0.914997	
-0.797028	
-0.585299	
-0.295638	
0.043623	
0.390318	
0.708950	
0.912513	
1.043579	
1.083248	
1.061858	
1.047625	
1.009294	
1.004681	
1.010801	
1.007586	
0.974784	
0.892207	
0.750028	
0.544269	
0.275639	
-0.041341	
-0.374430	
-0.691614	
-0.902790	
-1.043571	
-1.093078	
-1.079656	
-1.064109	
-1.011153	
-0.982586	
-0.966656	
-0.959288	
-0.956553	
-0.957249	
-0.961429	
-0.969373	
-0.980834	
-0.995250	
-1.011398	
-1.038969	
-1.027177	
-1.031857	
-1.024629	
-1.008905	
-1.020707	
-1.008582	
-1.018062	
-1.026473	
-1.018275	
-0.978022	
-0.896697	
-0.761322	
-0.559417	
-0.287479	
0.043586	
0.401066	
0.743480	
0.960380	
1.056876	
0.968569	
0.726679	
0.408161	
0.024636	
-0.318966	
-0.595234	
-0.790980	
-0.912692	
-0.980094	
-1.008429	
-1.010403	
-1.000833	
-0.992968	
-0.995511	
-1.021633	
-1.017455	
-1.031850	
-1.034459	
-1.026703	
-1.037191	
-1.010441	
-0.995967	
-0.982328	
-0.969977	
-0.959938	
-0.952870	
-0.950135	
-0.954225	
-0.968994	
-0.997494	
-1.038034	
-1.090834	
-1.084767	
-1.042283	
-0.919779	
-0.691524	
-0.397727	
-0.025783	
0.327680	
0.623707	
0.828589	
0.927611	
0.914997	
0.797028	
0.585299	
0.295638	
-0.043623	
-0.390318	
-0.708950	
-0.912513	
-1.043579	
-1.083248	
-1.061858	
-1.047625	
-1.009294	
-1.004681	
-1.010801	
-1.007586	
-0.974784	
-0.892207	
-0.750028	
-0.544269	
-0.275639	
0.041341	
0.374430	
0.691614	
0.902790	
1.045011	
1.083248	
1.061858	
1.047625	
1.009294	
1.004681	
1.010801	
1.007586	
0.974784	
0.892207	
0.750028	
0.544269	
0.275639	
-0.041341	
-0.374430	
-0.691614	
-0.902790	
-1.043571	
-1.093078	
-1.079656	
-1.064109	
-1.011153	
-0.982586	
-0.966656	
-0.959288	
-0.956626	
-0.952815	
-0.950135	
-0.954225	
-0.968994	
-0.997494	
-1.038034	
-1.090834	
-1.084767	
-1.042283	
-0.919779	
-0.691524	
-0.397727	
-0.025783	
0.327680	
0.623707	
0.828589	
0.927538	
0.919432	
0.808322	
0.600447	
0.307478	
-0.045867	
-0.416953	
-0.760816	
-0.970102	
-1.055444	
-0.968569	
-0.726679	
-0.408161	
-0.024636	
0.318966	
0.595234	
0.790980	
0.912692	
0.980094	
1.008429	
1.010403	
1.000833	
0.992968	
0.995511	
1.021633	
1.017455	
1.033290	
1.024629	
1.008905	
1.020707	
1.008582	
1.018062	
1.026473	
1.018275	
0.978022	
0.896697	
0.761322	
0.559417	
0.287479	
-0.043586	
-0.401066	
-0.743480	
-0.960380	
-1.055436	
-0.978398	
-0.744477	
-0.424645	
-0.026495	
0.341061	
0.639379	
0.839278	
0.930923	
0.915052	
0.797028	
0.585299	
0.295638	
-0.043623	
-0.390318	
-0.708950	
-0.912513	
-1.042139	
-1.093078	
-1.079656	
-1.064109	
-1.011153	
-0.982586	
-0.966656	
-0.959288	
-0.956626	
-0.952815	
-0.950135	
-0.954225	
-0.968994	
-0.997494	
-1.038034	
-1.090834	
-1.084767	
-1.042283	
-0.919779	
-0.691524	
-0.397727	
-0.025783	
0.327680	
0.623707	
0.828589	
0.927538	
0.919432	
0.808322	
0.600447	
0.307478	
-0.045867	
-0.416953	
-0.760816	
-0.970102	
-1.054004	
-0.978398	
-0.744477	
-0.424645	
-0.026495	
0.341061	
0.639379	
0.839278	
0.930923	
0.915052	
0.797028	
0.585299	
0.295638	
-0.043623	
-0.390318	
-0.708950	
-0.912513	
-1.042139	
-1.093078	
-1.079656	
-1.064109	
-1.011153	
-0.982586	
-0.966656	
-0.959288	
-0.956553	
-0.957249	
-0.961429	
-0.969373	
-0.980834	
-0.995250	
-1.011398	
-1.038969	
-1.027177	
-1.030417	
-1.034459	
-1.026703	
-1.037191	
-1.010441	
-0.995967	
-0.982328	
-0.969977	
-0.959864	
-0.957304	
-0.961429	
-0.969373	
-0.980834	
-0.995250	
-1.011398	
-1.038969	
-1.027177	
-1.031857	
-1.024629	
-1.008905	
-1.020707	
-1.008582	
-1.018062	
-1.026473	
-1.018275	
-0.978022	
-0.896697	
-0.761322	
-0.559417	
-0.287479	
0.043586	
0.401066	
0.743480	
0.960380	
1.056876	
0.968569	
0.726679	
0.408161	
0.024636	
-0.318966	
-0.595234	
-0.790980	
-0.912692	
-0.980094	
-1.008429	
-1.010403	
-1.000833	
-0.992968	
-0.995511	
-1.021633	
-1.017455	
-1.031850	
-1.034459	
-1.026703	
-1.037191	
-1.010441	
-0.995967	
-0.982328	
-0.969977	
-0.959938	
-0.952870	
-0.950135	
-0.954225	
-0.968994	
-0.997494	
-1.038034	
-1.090834	
-1.084767	
-1.042283	
-0.919779	
-0.691524	
-0.397727	
-0.025783	
0.327680	
0.623707	
0.828589	
0.927538	
0.919432	
0.808322	
0.600447	
0.307478	
-0.045867	
-0.416953	
-0.760816	
-0.970102	
-1.054004	
-0.978398	
-0.744477	
-0.424645	
-0.026495	
0.341061	
0.639379	
0.839278	
0.930923	
0.915052	
0.797028	
0.585299	
0.295638	
-0.043623	
-0.390318	
-0.708950	
-0.912513	
-1.042139	
-1.093078	
-1.079656	
-1.064109	
-1.011153	
-0.982586	
-0.966656	
-0.959288	
-0.956553	
-0.957249	
-0.961429	
-0.969373	
-0.980834	
-0.995250	
-1.011398	
-1.038969	
-1.027177	
-1.031857	
-1.024629	
-1.008905	
-1.020707	
-1.008582	
-1.018062	
-1.026473	
-1.018275	
-0.978022	
-0.896697	
-0.761322	
-0.559417	
-0.287479	
0.043586	
0.401066	
0.743480	
0.960380	
1.055436	
0.978398	
0.744477	
0.424645	
0.026495	
-0.341061	
-0.639379	
-0.839278	
-0.930850	
-0.919487	
-0.808322	
-0.600447	
-0.307478	
0.045867	
0.416953	
0.760816	
0.970102	
1.054004	
0.978398	
0.744477	
0.424645	
0.026495	
-0.341061	
-0.639379	
-0.839278	
-0.930923	
-0.915052	
-0.797028	
-0.585299	
-0.295638	
0.043623	
0.390318	
0.708950	
0.912513	
1.042139	
1.093078	
1.079656	
1.064109	
1.011153	
0.982586	
0.966656	
0.959288	
0.956553	
0.957249	
0.961429	
0.969373	
0.980834	
0.995250	
1.011398	
1.038969	
1.027177	
1.030417	
1.034459	
1.026703	
1.037191	
1.010441	
0.995967	
0.982328	
0.969977	
0.959938	
0.952870	
0.950135	
0.954225	
0.968994	
0.997494	
1.038034	
1.090834	
1.084767	
1.042283	
0.919779	
0.691524	
0.397727	
0.025783	
-0.327680	
-0.623707	
-0.828589	
-0.927538	
-0.919432	
-0.808322	
-0.600447	
-0.307478	
0.045867	
0.416953	
0.760816	
0.970102	
1.054004	
0.978398	
0.744477	
0.424645	
0.026495	
-0.341061	
-0.639379	
-0.839278	
-0.930923	
-0.915052	
-0.797028	
-0.585299	
-0.295638	
0.043623	
0.390318	
0.708950	
0.912513	
1.042139	
1.093078	
1.079656	
1.064109	
1.011153	
0.982586	
0.966656	
0.959288	
0.956553	
0.957249	
0.961429	
0.969373	
0.980834	
0.995250	
1.011398	
1.038969	
1.027177	
1.030417	
1.034459	
1.026703	
1.037191	
1.010441	
0.995967	
0.982328	
0.969977	
0.959938	
0.952870	
0.950135	
0.954225	
0.968994	
0.997494	
1.038034	
1.090834	
1.084767	
1.043723	
0.909950	
0.673726	
0.381242	
0.023924	
-0.305586	
-0.579562	
-0.780291	
-0.909453	
-0.975605	
-0.997135	
-0.995255	
-0.988993	
-0.995213	
-1.022146	
-1.073498	
-1.075044	
-1.043715	
-0.919779	
-0.691524	
-0.397727	
-0.025783	
0.327680	
0.623707	
0.828589	
0.927538	
0.919432	
0.808322	
0.600447	
0.307478	
-0.045867	
-0.416953	
-0.760816	
-0.970102	
-1.054004	
-0.978398	
-0.744477	
-0.424645	
-0.026495	
0.341061	
0.639379	
0.839278	
0.930850	
0.919487	
0.808322	
0.600447	
0.307478	
-0.045867	
-0.416953	
-0.760816	
-0.970102	
-1.054004	
-0.978398	
-0.744477	
-0.424645	
-0.026495	
0.341061	
0.639379	
0.839278	
0.930850	
0.919487	
0.808322	
0.600447	
0.307478	
-0.045867	
-0.416953	
-0.760816	
-0.970102	
-1.055444	
-0.968569	
-0.726679	
-0.408161	
-0.024636	
0.318966	
0.595234	
0.790980	
0.912765	
0.975660	
0.997135	
0.995255	
0.988993	
0.995213	
1.022146	
1.073498	
1.075044	
1.043715	
0.919779	
0.691524	
0.397727	
0.025783	
-0.327680	
-0.623707	
-0.828589	
-0.927538	
-0.919432	
-0.808322	
-0.600447	
-0.307478	
0.045867	
0.416953	
0.760816	
0.970102	
1.054004	
0.978398	
0.744477	
0.424645	
0.026495	
-0.341061	
-0.639379	
-0.839278	
-0.930850	
-0.919487	
-0.808322	
-0.600447	
-0.307478	
0.045867	
0.416953	
0.760816	
0.970102	
1.055444	
0.968569	
0.726679	
0.408161	
0.024636	
-0.318966	
-0.595234	
-0.790980	
-0.912765	
-0.975660	
-0.997135	
-0.995255	
-0.988993	
-0.995213	
-1.022146	
-1.073498	
-1.075044	
-1.043715	
-0.919779	
-0.691524	
-0.397727	
-0.025783	
0.327680	
0.623707	
0.828589	
0.927611	
0.914997	
0.797028	
0.585299	
0.295638	
-0.043623	
-0.390318	
-0.708950	
-0.912513	
-1.043579	
-1.083248	
-1.061858	
-1.047625	
-1.009294	
-1.004681	
-1.010801	
-1.007586	
-0.974784	
-0.892207	
-0.750028	
-0.544269	
-0.275639	
0.041341	
0.374430	
0.691614	
0.902790	
1.045011	
1.083248	
1.061858	
1.047625	
1.009294	
1.004681	
1.010801	
1.007586	
0.974784	
0.892207	
0.750028	
0.544269	
0.275639	
-0.041341	
-0.374430	
-0.691614	
-0.902790	
-1.045011	
-1.083248	
-1.061858	
-1.047625	
-1.009294	
-1.004681	
-1.010801	
-1.007586	
-0.974711	
-0.896642	
-0.761322	
-0.559417	
-0.287479	
0.043586	
0.401066	
0.743480	
0.960380	
1.055436	
0.978398	
0.744477	
0.424645	
0.026495	
-0.341061	
-0.639379	
-0.839278	
-0.930923	
-0.915052	
-0.797028	
-0.585299	
-0.295638	
0.043623	
0.390318	
0.708950	
0.912513	
1.042139	
1.093078	
1.079656	
1.064109	
1.011153	
0.982586	
0.966656	
0.959288	
0.956553	
0.957249	
0.961429	
0.969373	
0.980834	
0.995250	
1.011398	
1.038969	
1.027177	
1.031857	
1.024629	
1.008905	
1.020707	
1.008582	
1.018062	
1.026473	
1.018275	
0.978022	
0.896697	
0.761322	
0.559417	
0.287479	
-0.043586	
-0.401066	
-0.743480	
-0.960380	
-1.055436	
-0.978398	
-0.744477	
-0.424645	
-0.026495	
0.341061	
0.639379	
0.839278	
0.930850	
0.919487	
0.808322	
0.600447	
0.307478	
-0.045867	
-0.416953	
-0.760816	
-0.970102	
-1.055444	
-0.968569	
-0.726679	
-0.408161	
-0.024636	
0.318966	
0.595234	
0.790980	
0.912765	
0.975660	
0.997135	
0.995255	
0.988993	
0.995213	
1.022146	
1.073498	
1.075044	
1.043715	
0.919779	
0.691524	
0.397727	
0.025783	
-0.327680	
-0.623707	
-0.828589	
-0.927611	
-0.914997	
-0.797028	
-0.585299	
-0.295638	
0.043623	
0.390318	
0.708950	
0.912513	
1.042139	
1.093078	
1.079656	
1.064109	
1.011153	
0.982586	
0.966656	
0.959288	
0.956553	
0.957249	
0.961429	
0.969373	
0.980834	
0.995250	
1.011398	
1.038969	
1.027177	
1.031857	
1.024629	
1.008905	
1.020707	
1.008582	
1.018062	
1.026473	
1.018275	
0.978022	
0.896697	
0.761322	
0.559417	
0.287479	
-0.043586	
-0.401066	
-0.743480	
-0.960380	
-1.056876	
-0.968569	
-0.726679	
-0.408161	
-0.024636	
0.318966	
0.595234	
0.790980	
0.912765	
0.975660	
0.997135	
0.995255	
0.988993	
0.995213	
1.022146	
1.073498	
1.075044	
1.043715	
0.919779	
0.691524	
0.397727	
0.025783	
-0.327680	
-0.623707	
-0.828589	
-0.927538	
-0.919432	
-0.808322	
-0.600447	
-0.307478	
0.045867	
0.416953	
0.760816	
0.970102	
1.054004	
0.978398	
0.744477	
0.424645	
0.026495	
-0.341061	
-0.639379	
-0.839278	
-0.930923	
-0.915052	
-0.797028	
-0.585299	
-0.295638	
0.043623	
0.390318	
0.708950	
0.912513	
1.043579	
1.083248	
1.061858	
1.047625	
1.009294	
1.004681	
1.010801	
1.007586	
0.974711	
0.896642	
0.761322	
0.559417	
0.287479	
-0.043586	
-0.401066	
-0.743480	
-0.960380	
-1.055436	
-0.978398	
-0.744477	
-0.424645	
-0.026495	
0.341061	
0.639379	
0.839278	
0.930923	
0.915052	
0.797028	
0.585299	
0.295638	
-0.043623	
-0.390318	
-0.708950	
-0.912513	
-1.042139	
-1.093078	
-1.079656	
-1.064109	
-1.011153	
-0.982586	
-0.966656	
-0.959288	
-0.956626	
-0.952815	
-0.950135	
-0.954225	
-0.968994	
-0.997494	
-1.038034	
-1.090834	
-1.084767	
-1.042283	
-0.919779	
-0.691524	
-0.397727	
-0.025783	
0.327680	
0.623707	
0.828589	
0.927538	
0.919432	
0.808322	
0.600447	
0.307478	
-0.045867	
-0.416953	
-0.760816	
-0.970102	
-1.055444	
-0.968569	
-0.726679	
-0.408161	
-0.024636	
0.318966	
0.595234	
0.790980	
0.912765	
0.975660	
0.997135	
0.995255	
0.988993	
0.995213	
1.022146	
1.073498	
1.075044	
1.043715	
0.919779	
0.691524	
0.397727	
0.025783	
-0.327680	
-0.623707	
-0.828589	
-0.927538	
-0.919432	
-0.808322	
-0.600447	
-0.307478	
0.045867	
0.416953	
0.760816	
0.970102	
1.054004	
0.978398	
0.744477	
0.424645	
0.026495	
-0.341061	
-0.639379	
-0.839278	
-0.930850	
-0.919487	
-0.808322	
-0.600447	
-0.307478	
0.045867	
0.416953	
0.760816	
0.970102	
1.054004	
0.978398	
0.744477	
0.424645	
0.026495	
-0.341061	
-0.639379	
-0.839278	
-0.930850	
-0.919487	
-0.808322	
-0.600447	
-0.307478	
0.045867	
0.416953	
0.760816	
0.970102	
1.054004	
0.978398	
0.744477	
0.424645	
0.026495	
-0.341061	
-0.639379	
-0.839278	
-0.930923	
-0.915052	
-0.797028	
-0.585299	
-0.295638	
0.043623	
0.390318	
0.708950	
0.912513	
1.042139	
1.093078	
1.079656	
1.064109	
1.011153	
0.982586	
0.966656	
0.959288	
0.956626	
0.952815	
0.950135	
0.954225	
0.968994	
0.997494	
1.038034	
1.090834	
1.084767	
1.043723	
0.909950	
0.673726	
0.381242	
0.023924	
-0.305586	
-0.579562	
-0.780291	
-0.909453	
-0.975605	
-0.997135	
-0.995255	
-0.988993	
-0.995213	
-1.022146	
-1.073498	
-1.075044	
-1.045155	
-0.909950	
-0.673726	
-0.381242	
-0.023924	
0.305586	
0.579562	
0.780291	
0.909453	
0.975605	
0.997135	
0.995255	
0.988993	
0.995213	
1.022146	
1.073498	
1.075044	
1.045155	
0.909950	
0.673726	
0.381242	
0.023924	
-0.305586	
-0.579562	
-0.780291	
-0.909380	
-0.980039	
-1.008429	
-1.010403	
-1.000833	
-0.992968	
-0.995511	
-1.021633	
-1.017455	
-1.033290	
-1.024629	
-1.008905	
-1.020707	
-1.008582	
-1.018062	
-1.026473	
-1.018275	
-0.978022	
-0.896697	
-0.761322	
-0.559417	
-0.287479	
0.043586	
0.401066	
0.743480	
0.960380	
1.056876	
0.968569	
0.726679	
0.408161	
0.024636	
-0.318966	
-0.595234	
-0.790980	
-0.912765	
-0.975660	
-0.997135	
-0.995255	
-0.988993	
-0.995213	
-1.022146	
-1.073498	
-1.075044	
-1.043715	
-0.919779	
-0.691524	
-0.397727	
-0.025783	
0.327680	
0.623707	
0.828589	
0.927611	
0.914997	
0.797028	
0.585299	
0.295638	
-0.043623	
-0.390318	
-0.708950	
-0.912513	
-1.043579	
-1.083248	
-1.061858	
-1.047625	
-1.009294	
-1.004681	
-1.010801	
-1.007586	
-0.974784	
-0.892207	
-0.750028	
-0.544269	
-0.275639	
0.041341	
0.374430	
0.691614	
0.902790	
1.045011	
1.083248	
1.061858	
1.047625	
1.009294	
1.004681	
1.010801	
1.007586	
0.974711	
0.896642	
0.761322	
0.559417	
0.287479	
-0.043586	
-0.401066	
-0.743480	
-0.960380	
-1.056876	
-0.968569	
-0.726679	
-0.408161	
-0.024636	
0.318966	
0.595234	
0.790980	
0.912765	
0.975660	
0.997135	
0.995255	
0.988993	
0.995213	
1.022146	
1.073498	
1.075044	
1.045155	
0.909950	
0.673726	
0.381242	
0.023924	
-0.305586	
-0.579562	
-0.780291	
-0.909453	
-0.975605	
-0.997135	
-0.995255	
-0.988993	
-0.995213	
-1.022146	
-1.073498	
-1.075044	
-1.043715	
-0.919779	
-0.691524	
-0.397727	
-0.025783	
0.327680	
0.623707	
0.828589	
0.927538	
0.919432	
0.808322	
0.600447	
0.307478	
-0.045867	
-0.416953	
-0.760816	
-0.970102	
