0
0.0045949158081383468
0.0080840606014930972
0.0072423635286645053
0
-0.012471914336375513
-0.024252181804479293
-0.024624035997459312
0
0.062359571681877508
0.16976527263135505
0.32011246796697101
0.5
0.68595528850065246
0.84882636315677518
0.96033740390091316
1
0.96033740390091316
0.84882636315677518
0.68595528850065246
0.5
0.32011246796697101
0.16976527263135505
0.062359571681877508
0
-0.024624035997459312
-0.024252181804479293
-0.012471914336375513
0
0.0072423635286645053
0.0080840606014930972
0.0045949158081383468
