-0.000360409896942335	
-0.00199291792134346	
-0.000930853499637334	
-0.00383208154094106	
-0.00274767034518343	
-0.00719339215832921	
-0.00467862901921417	
-0.0132322314317814	
-0.0068422535869958	
-0.0204826217439963	
-0.00798774757979444	
-0.0375728407719408	
-0.00511411995465457	
-0.0642521047369686	
0.129943475104061	
0.759072125	
0.129943475104061	
-0.0642521047369686	
-0.00511411995465445	
-0.0375728407719408	
-0.00798774757979436	
-0.0204826217439964	
-0.00684225358699573	
-0.0132322314317814	
-0.0046786290192141	
-0.00719339215832927	
-0.00274767034518341	
-0.0038320815409411	
-0.000930853499637323	
-0.00199291792134352	
-0.000360409896942279	
-0.000620002880041055	
