5.953226e+01 5.933871e+01 5.987097e+01 6.343548e+01 5.717742e+01 5.872581e+01 6.020968e+01 6.351613e+01 5.875806e+01 6.075806e+01 6.124194e+01 6.374194e+01 6.012903e+01 6.135484e+01 6.251613e+01 6.579032e+01 
9.136122e+01 9.146895e+01 9.162738e+01 9.161470e+01 9.139037e+01 9.141952e+01 9.151458e+01 9.156401e+01 9.133333e+01 9.133840e+01 9.135868e+01 9.144106e+01 9.153992e+01 9.149556e+01 9.133460e+01 9.144233e+01 
9.636283e+01 9.748673e+01 9.874336e+01 9.892920e+01 9.737168e+01 9.853982e+01 9.975221e+01 9.965487e+01 9.820354e+01 9.946018e+01 1.002920e+02 1.001947e+02 9.841593e+01 1.000354e+02 1.008584e+02 1.003451e+02 
6.557143e+01 7.121429e+01 8.192857e+01 9.300000e+01 6.685714e+01 7.335714e+01 8.914286e+01 1.009286e+02 6.878571e+01 8.050000e+01 9.807143e+01 1.097143e+02 7.378571e+01 8.607143e+01 1.007143e+02 1.120000e+02 
1.921333e+02 1.924952e+02 1.921143e+02 1.923048e+02 1.917810e+02 1.921143e+02 1.925048e+02 1.928762e+02 1.913143e+02 1.916190e+02 1.927429e+02 1.932381e+02 1.920381e+02 1.923143e+02 1.926286e+02 1.930667e+02 
1.063571e+02 1.050000e+02 9.350000e+01 7.735714e+01 1.035000e+02 9.664286e+01 8.414286e+01 7.200000e+01 9.207143e+01 8.092857e+01 6.607143e+01 6.142857e+01 7.785714e+01 6.742857e+01 5.492857e+01 5.021429e+01 
6.700000e+01 6.630000e+01 6.190000e+01 5.320000e+01 8.270000e+01 7.200000e+01 6.340000e+01 6.100000e+01 1.066000e+02 9.930000e+01 9.410000e+01 8.990000e+01 1.204000e+02 1.210000e+02 1.204000e+02 1.121000e+02 
1.582444e+02 1.593111e+02 1.606556e+02 1.613333e+02 1.582222e+02 1.597333e+02 1.607000e+02 1.608778e+02 1.574000e+02 1.591000e+02 1.602111e+02 1.605667e+02 1.565333e+02 1.579111e+02 1.588111e+02 1.593667e+02 
1.729518e+02 1.740723e+02 1.746747e+02 1.756627e+02 1.739518e+02 1.748795e+02 1.761687e+02 1.770723e+02 1.748434e+02 1.756867e+02 1.768193e+02 1.773494e+02 1.755783e+02 1.762048e+02 1.764337e+02 1.774699e+02 
8.137838e+01 7.845946e+01 7.581081e+01 7.451351e+01 7.978378e+01 7.472973e+01 7.308108e+01 7.456757e+01 8.051351e+01 7.702703e+01 7.435135e+01 7.391892e+01 8.464865e+01 8.278378e+01 7.997297e+01 7.694595e+01 
1.132917e+02 1.101667e+02 1.018750e+02 9.354167e+01 1.132500e+02 1.111250e+02 1.028750e+02 9.166667e+01 1.076250e+02 1.047917e+02 9.741667e+01 8.808333e+01 1.015000e+02 9.966667e+01 9.254167e+01 8.620833e+01 
1.232419e+02 1.269032e+02 1.297581e+02 1.317903e+02 1.260806e+02 1.297419e+02 1.321935e+02 1.325323e+02 1.283871e+02 1.316290e+02 1.327742e+02 1.327097e+02 1.306290e+02 1.333710e+02 1.351613e+02 1.357097e+02 
1.186383e+02 1.212766e+02 1.228723e+02 1.238085e+02 1.178298e+02 1.215745e+02 1.244255e+02 1.257234e+02 1.162128e+02 1.196170e+02 1.212553e+02 1.221702e+02 1.130851e+02 1.149362e+02 1.142979e+02 1.152553e+02 
3.802857e+01 3.520000e+01 3.417143e+01 3.754286e+01 3.334286e+01 3.140000e+01 3.140000e+01 3.471429e+01 3.340000e+01 2.982857e+01 3.228571e+01 3.680000e+01 3.531429e+01 3.074286e+01 3.274286e+01 3.874286e+01 
9.915789e+01 1.029298e+02 1.069649e+02 1.075088e+02 1.009825e+02 1.055088e+02 1.095789e+02 1.097544e+02 1.063333e+02 1.100702e+02 1.128596e+02 1.141754e+02 1.094912e+02 1.124211e+02 1.147719e+02 1.174561e+02 
1.384487e+02 1.405128e+02 1.424487e+02 1.439359e+02 1.407692e+02 1.436410e+02 1.443718e+02 1.452949e+02 1.424231e+02 1.447949e+02 1.455385e+02 1.466795e+02 1.420897e+02 1.438462e+02 1.458205e+02 1.466026e+02 
