0.5
1.5
2.5
3.5
4.5
5.5
6.5
7.5
8.5
9.5
10.5
11.5
12.5
13.5
14.5
15.5
17.5
19.5
21.5
23.5
25.5
27.5
29.5
31.5
33.5
35.5
37.5
39.5
41.5
43.5
45.5
47.5
51.5
55.5
59.5
63.5
67.5
71.5
75.5
79.5
83.5
87.5
91.5
95.5
99.5
103.5
107.5
111.5
119.5
127.5
135.5
143.5
151.5
159.5
167.5
175.5
183.5
191.5
199.5
207.5
215.5
223.5
231.5
239.5
255.5
271.5
287.5
303.5
319.5
335.5
351.5
367.5
383.5
399.5
415.5
431.5
447.5
463.5
479.5
495.5
527.5
559.5
591.5
623.5
655.5
687.5
719.5
751.5
783.5
815.5
847.5
879.5
911.5
943.5
975.5
1007.5
1071.5
1135.5
1199.5
1263.5
1327.5
1391.5
1455.5
1519.5
1583.5
1647.5
1711.5
1775.5
1839.5
1903.5
1967.5
2031.5
2159.5
2287.5
2415.5
2543.5
2671.5
2799.5
2927.5
3055.5
3183.5
3311.5
3439.5
3567.5
3695.5
3823.5
3951.5

