-2.63207E-03
4.37247E-03
8.24011E-04
-2.66391E-02
4.62678E-02
-7.05048E-03
-1.14629E-01
2.02968E-01
-8.39937E-02
-1.87930E-01
3.53199E-01
-3.01075E-01
1.64832E-01
-1.00336E-01
8.94328E-02
-6.26155E-02
2.46560E-02
-1.48258E-02
1.37217E-02
-4.08814E-03
6.50335E-04
-1.66099E-03
4.27700E-04
3.19660E-04
0.00000E+00
0.00000E+00
0.00000E+00
0.00000E+00
0.00000E+00
0.00000E+00
0.00000E+00
0.00000E+00
0.00000E+00
0.00000E+00
0.00000E+00
0.00000E+00
0.00000E+00
0.00000E+00
0.00000E+00
0.00000E+00
0.00000E+00
0.00000E+00
0.00000E+00
0.00000E+00
0.00000E+00
0.00000E+00
0.00000E+00
0.00000E+00
