2.820591e-01 2.713301e-01 2.555122e-01 2.399159e-01 2.728890e-01 2.622949e-01 2.492754e-01 2.311906e-01 2.681414e-01 2.554388e-01 2.361989e-01 2.179293e-01 2.622028e-01 2.476464e-01 2.245961e-01 2.101612e-01 
2.516779e-01 2.515602e-01 2.508336e-01 2.501553e-01 2.508281e-01 2.504850e-01 2.497285e-01 2.494961e-01 2.494251e-01 2.489977e-01 2.488543e-01 2.495809e-01 2.500115e-01 2.491732e-01 2.490502e-01 2.501191e-01 
2.436159e-01 2.479486e-01 2.542397e-01 2.562658e-01 2.433522e-01 2.499723e-01 2.561803e-01 2.553539e-01 2.464860e-01 2.519696e-01 2.534137e-01 2.499415e-01 2.475776e-01 2.494918e-01 2.478152e-01 2.458374e-01 
1.512329e-01 1.972649e-01 2.544371e-01 3.430317e-01 1.426197e-01 1.737877e-01 2.393305e-01 3.463895e-01 1.512698e-01 1.762888e-01 2.533338e-01 3.562628e-01 1.532774e-01 1.947229e-01 2.796715e-01 3.785635e-01 
2.468000e-01 2.310164e-01 2.164664e-01 2.091385e-01 2.561121e-01 2.462189e-01 2.349568e-01 2.240071e-01 2.614198e-01 2.615450e-01 2.587566e-01 2.506382e-01 2.716050e-01 2.733685e-01 2.739914e-01 2.709833e-01 
2.926467e-01 2.937602e-01 2.918373e-01 2.850869e-01 2.709428e-01 2.681131e-01 2.708659e-01 2.691283e-01 2.380068e-01 2.274948e-01 2.283858e-01 2.355360e-01 2.053691e-01 1.985411e-01 1.889545e-01 1.928446e-01 
1.695857e-01 1.681248e-01 1.660478e-01 1.782427e-01 2.070873e-01 1.959079e-01 1.927873e-01 2.174384e-01 2.656520e-01 2.631963e-01 2.796455e-01 2.972258e-01 2.998031e-01 3.118771e-01 3.316511e-01 3.382177e-01 
2.299312e-01 2.388011e-01 2.570976e-01 2.730417e-01 2.139172e-01 2.061942e-01 2.124975e-01 2.277298e-01 2.638724e-01 2.326195e-01 2.172682e-01 2.133330e-01 3.128101e-01 3.082410e-01 2.937140e-01 2.618676e-01 
2.308416e-01 2.467549e-01 2.589928e-01 2.664215e-01 2.308274e-01 2.486567e-01 2.581171e-01 2.649412e-01 2.277780e-01 2.458506e-01 2.570766e-01 2.659078e-01 2.261346e-01 2.427298e-01 2.565607e-01 2.661541e-01 
2.590400e-01 2.637253e-01 2.627623e-01 2.649333e-01 2.580892e-01 2.598802e-01 2.587182e-01 2.564320e-01 2.464451e-01 2.460391e-01 2.452760e-01 2.449169e-01 2.317236e-01 2.323325e-01 2.313899e-01 2.337580e-01 
3.264717e-01 2.869113e-01 2.223248e-01 1.679033e-01 3.257743e-01 2.859464e-01 2.108193e-01 1.493024e-01 3.108188e-01 2.708910e-01 2.075739e-01 1.556671e-01 3.099941e-01 2.673426e-01 2.135492e-01 1.684248e-01 
2.095387e-01 1.982449e-01 2.066398e-01 2.211518e-01 2.768772e-01 2.716919e-01 2.819916e-01 2.856294e-01 2.932421e-01 2.843885e-01 2.869232e-01 2.920213e-01 2.250276e-01 2.064930e-01 1.959554e-01 2.178509e-01 
2.256769e-01 2.309571e-01 2.390300e-01 2.429495e-01 2.335922e-01 2.399807e-01 2.478275e-01 2.529622e-01 2.474625e-01 2.543559e-01 2.583594e-01 2.616849e-01 2.588089e-01 2.646665e-01 2.675570e-01 2.687459e-01 
2.454255e-01 2.466698e-01 2.476229e-01 2.499289e-01 2.466439e-01 2.473032e-01 2.497350e-01 2.533231e-01 2.462907e-01 2.482916e-01 2.531036e-01 2.563976e-01 2.458330e-01 2.500744e-01 2.553873e-01 2.574951e-01 
1.924146e-01 2.118886e-01 2.425558e-01 2.698330e-01 1.995091e-01 2.272784e-01 2.604723e-01 2.788454e-01 2.201668e-01 2.476685e-01 2.700131e-01 2.881107e-01 2.393481e-01 2.550632e-01 2.725666e-01 2.949771e-01 
2.489986e-01 2.492885e-01 2.446771e-01 2.378146e-01 2.545220e-01 2.533475e-01 2.475334e-01 2.415474e-01 2.585360e-01 2.555570e-01 2.485602e-01 2.429058e-01 2.603951e-01 2.582791e-01 2.515448e-01 2.452015e-01 
