  1.507911E-03
  1.007556E-03
  1.198032E-03
  1.278569E-03
  1.195227E-03
  8.994012E-04
  3.520010E-04
 -4.689521E-04
 -1.556894E-03
 -2.873555E-03
 -4.350645E-03
 -5.873540E-03
 -7.302541E-03
 -8.463989E-03
 -9.167572E-03
 -9.216441E-03
 -8.422351E-03
 -6.621123E-03
 -3.690280E-03
  4.367421E-04
  5.760438E-03
  1.220400E-02
  1.961516E-02
  2.776607E-02
  3.636374E-02
  4.506431E-02
  5.349174E-02
  6.126037E-02
  6.799953E-02
  7.337752E-02
  7.712328E-02
  7.904585E-02
  7.904585E-02
  7.712328E-02
  7.337752E-02
  6.799953E-02
  6.126037E-02
  5.349174E-02
  4.506431E-02
  3.636374E-02
  2.776607E-02
  1.961516E-02
  1.220400E-02
  5.760438E-03
  4.367421E-04
 -3.690280E-03
 -6.621123E-03
 -8.422351E-03
 -9.216441E-03
 -9.167572E-03
 -8.463989E-03
 -7.302541E-03
 -5.873540E-03
 -4.350645E-03
 -2.873555E-03
 -1.556894E-03
 -4.689521E-04
  3.520010E-04
  8.994012E-04
  1.195227E-03
  1.278569E-03
  1.198032E-03
  1.007556E-03
  1.507911E-03
