0.0
-1.0
-2.0
-3.0
-4.0
-5.0
-6.0
-7.0
-8.0
-9.0
-10.0
-11.0
-12.0
-13.0
-14.0
-15.0
-16.5
-18.5
-20.5
-22.5
-24.5
-26.5
-28.5
-30.5
-32.5
-34.5
-36.5
-38.5
-40.5
-42.5
-44.5
-46.5
-49.5
-53.5
-57.5
-61.5
-65.5
-69.5
-73.5
-77.5
-81.5
-85.5
-89.5
-93.5
-97.5
-101.5
-105.5
-109.5
-115.5
-123.5
-131.5
-139.5
-147.5
-155.5
-163.5
-171.5
-179.5
-187.5
-195.5
-203.5
-211.5
-219.5
-227.5
-235.5
-247.5
-263.5
-279.5
-295.5
-311.5
-327.5
-343.5
-359.5
-375.5
-391.5
-407.5
-423.5
-439.5
-455.5
-471.5
-487.5
-511.5
-543.5
-575.5
-607.5
-639.5
-671.5
-703.5
-735.5
-767.5
-799.5
-831.5
-863.5
-895.5
-927.5
-959.5
-991.5
-1039.5
-1103.5
-1167.5
-1231.5
-1295.5
-1359.5
-1423.5
-1487.5
-1551.5
-1615.5
-1679.5
-1743.5
-1807.5
-1871.5
-1935.5
-1999.5
-2095.5
-2223.5
-2351.5
-2479.5
-2607.5
-2735.5
-2863.5
-2991.5
-3119.5
-3247.5
-3375.5
-3503.5
-3631.5
-3759.5
-3887.5
-4015.5
0.0
1.0
2.0
3.0
4.0
5.0
6.0
7.0
8.0
9.0
10.0
11.0
12.0
13.0
14.0
15.0
16.5
18.5
20.5
22.5
24.5
26.5
28.5
30.5
32.5
34.5
36.5
38.5
40.5
42.5
44.5
46.5
49.5
53.5
57.5
61.5
65.5
69.5
73.5
77.5
81.5
85.5
89.5
93.5
97.5
101.5
105.5
109.5
115.5
123.5
131.5
139.5
147.5
155.5
163.5
171.5
179.5
187.5
195.5
203.5
211.5
219.5
227.5
235.5
247.5
263.5
279.5
295.5
311.5
327.5
343.5
359.5
375.5
391.5
407.5
423.5
439.5
455.5
471.5
487.5
511.5
543.5
575.5
607.5
639.5
671.5
703.5
735.5
767.5
799.5
831.5
863.5
895.5
927.5
959.5
991.5
1039.5
1103.5
1167.5
1231.5
1295.5
1359.5
1423.5
1487.5
1551.5
1615.5
1679.5
1743.5
1807.5
1871.5
1935.5
1999.5
2095.5
2223.5
2351.5
2479.5
2607.5
2735.5
2863.5
2991.5
3119.5
3247.5
3375.5
3503.5
3631.5
3759.5
3887.5
4015.5

