0.004594915808138347
0.008084060601493097
0.007242363528664506
-4.872553863814347E-18
-0.01247191433637551
-0.02425218180447929
-0.02462403599745931
1.299347697017159E-17
0.0623595716818775
0.169765272631355
0.320112467966971
0.5
0.6859552885006525
0.8488263631567752
0.9603374039009132
1.0
0.9603374039009132
0.8488263631567752
0.6859552885006525
0.5
0.320112467966971
0.169765272631355
0.0623595716818775
1.299347697017159E-17
-0.02462403599745931
-0.02425218180447929
-0.01247191433637551
-4.872553863814347E-18
0.007242363528664506
0.008084060601493097
0.004594915808138347
2.598695394034319E-18
