1.0	
0.999980260856137	
0.999921044203816	
0.999822352380809	
0.9996841892833	
0.999506560365732	
0.999289472640589	
0.999032934678125	
0.998736956606017	
0.998401550108975	
0.998026728428272	
0.997612506361225	
0.997158900260614	
0.99666592803403	
0.996133609143173	
0.99556196460308	
0.9949510169813	
0.994300790396999	
0.993611310520008	
0.992882604569814	
0.992114701314478	
0.991307631069507	
0.990461425696651	
0.989576118602651	
0.988651744737914	
0.987688340595138	
0.986685944207868	
0.985644595148998	
0.984564334529205	
0.98344520499533	
0.982287250728689	
0.981090517443334	
0.979855052384247	
0.978580904325472	
0.977268123568193	
0.975916761938747	
0.974526872786577	
0.973098510982127	
0.971631732914674	
0.970126596490106	
0.968583161128631	
0.967001487762435	
0.965381638833274	
0.96372367829001	
0.962027671586086	
0.960293685676943	
0.958521789017376	
0.956712051558831	
0.954864544746643	
0.952979341517219	
0.951056516295154	
0.949096144990295	
0.947098304994744	
0.945063075179805	
0.942990535892865	
0.940880768954226	
0.938733857653874	
0.936549886748192	
0.934328942456612	
0.932071112458211	
0.929776485888251	
0.927445153334661	
0.925077206834458	
0.922672739870115	
0.92023184736587	
0.917754625683981	
0.915241172620918	
0.912691587403503	
0.910105970684996	
0.907484424541117	
0.90482705246602	
0.902133959368203	
0.899405251566371	
0.896641036785236	
0.893841424151264	
0.891006524188368	
0.888136448813545	
0.885231311332455	
0.882291226434953	
0.879316310190556	
0.876306680043864	
0.87326245480992	
0.870183754669526	
0.86707070116449	
0.863923417192836	
0.860742027003944	
0.857526656193653	
0.854277431699295	
0.850994481794692	
0.847677936085084	
0.844327925502016	
0.84094458229817	
0.837528040042142	
0.834078433613172	
0.830595899195813	
0.827080574274562	
0.823532597628428	
0.819952109325453	
0.816339250717185	
0.812694164433095	
0.809016994374948	
0.805307885711123	
0.801566984870878	
0.797794439538572	
0.793990398647836	
0.790155012375691	
0.78628843213662	
0.782390810576589	
0.778462301567025	
0.774503060198735	
0.770513242775791	
0.766493006809351	
0.762442511011449	
0.758361915288723	
0.754251380736105	
0.750111069630461	
0.745941145424184	
0.741741772738741	
0.737513117358176	
0.733255346222562	
0.728968627421413	
0.724653130187048	
0.720309024887909	
0.715936483021833	
0.711535677209287	
0.70710678118655	
0.702649969798851	
0.698165418993475	
0.693653305812807	
0.689113808387351	
0.684547105928691	
0.679953378722422	
0.675332808121027	
0.670685576536723	
0.666011867434254	
0.661311865323654	
0.656585755752959	
0.651833725300881	
0.647055961569447	
0.642252653176587	
0.637423989748693	
0.632570161913127	
0.627691361290704	
0.622787780488116	
0.617859613090338	
0.61290705365298	
0.607930297694609	
0.602929541689028	
0.597904983057522	
0.592856820161063	
0.587785252292477	
0.58269047966858	
0.577572703422271	
0.572432125594595	
0.56726894912676	
0.562083377852134	
0.556875616488192	
0.551645870628434	
0.546394346734273	
0.54112125212688	
0.535826794979001	
0.530511184306738	
0.5251746299613	
0.519817342620713	
0.51443953378151	
0.509041415750375	
0.503623201635765	
0.498185105339495	
0.492727341548295	
0.487250125725336	
0.481753674101719	
0.476238203667943	
0.470703932165336	
0.465151078077462	
0.459579860621491	
0.45399049973955	
0.448383216090036	
0.442758231038905	
0.437115766650936	
0.431456045680962	
0.425779291565076	
0.42008572841181	
0.414375580993287	
0.408649074736352	
0.402906435713666	
0.397147890634784	
0.391373666837206	
0.3855839922774	
0.379779095521804	
0.373959205737804	
0.368124552684681	
0.362275366704549	
0.356411878713254	
0.350534320191262	
0.34464292317452	
0.338737920245294	
0.332819544522989	
0.326888029654945	
0.320943609807212	
0.314986519655307	
0.30901699437495	
0.303035269632776	
0.297041581577037	
0.291036166828274	
0.285019262469979	
0.278991106039232	
0.272951935517328	
0.266901989320378	
0.260841506289899	
0.254770725683384	
0.248689887164857	
0.242599230795409	
0.236498997023727	
0.230389426676593	
0.224270760949383	
0.218143241396544	
0.212007109922056	
0.205862608769883	
0.199709980514409	
0.193549468050862	
0.187381314585726	
0.181205763627139	
0.175023058975278	
0.168833444712735	
0.162637165194885	
0.156434465040232	
0.150225589120758	
0.144010782552253	
0.137790290684639	
0.131564359092284	
0.125333233564305	
0.119097160094871	
0.112856384873483	
0.106611154275261	
0.100361714851216	
0.0941083133185152	
0.087851196550744	
0.0815906115681583	
0.0753268055279334	
0.0690600257144064	
0.062790519529314	
0.0565185344820251	
0.05024431817977	
0.0439681183178653	
0.0376901826699349	
0.0314107590781286	
0.0251300954433378	
0.0188484397154084	
0.0125660398833528	
0.00628314396555907	
6.12303176911189e-17	
-0.00628314396555894	
-0.0125660398833527	
-0.0188484397154083	
-0.0251300954433376	
-0.0314107590781285	
-0.0376901826699348	
-0.0439681183178652	
-0.0502443181797699	
-0.0565185344820249	
-0.0627905195293138	
-0.0690600257144063	
-0.0753268055279333	
-0.0815906115681582	
-0.0878511965507439	
-0.094108313318515	
-0.100361714851216	
-0.106611154275261	
-0.112856384873483	
-0.119097160094871	
-0.125333233564305	
-0.131564359092284	
-0.137790290684639	
-0.144010782552253	
-0.150225589120758	
-0.156434465040232	
-0.162637165194885	
-0.168833444712735	
-0.175023058975277	
-0.181205763627139	
-0.187381314585726	
-0.193549468050862	
-0.199709980514409	
-0.205862608769883	
-0.212007109922056	
-0.218143241396544	
-0.224270760949383	
-0.230389426676592	
-0.236498997023727	
-0.242599230795409	
-0.248689887164857	
-0.254770725683384	
-0.260841506289899	
-0.266901989320378	
-0.272951935517327	
-0.278991106039231	
-0.285019262469978	
-0.291036166828274	
-0.297041581577037	
-0.303035269632776	
-0.30901699437495	
-0.314986519655307	
-0.320943609807212	
-0.326888029654945	
-0.332819544522989	
-0.338737920245294	
-0.34464292317452	
-0.350534320191262	
-0.356411878713254	
-0.362275366704549	
-0.368124552684681	
-0.373959205737803	
-0.379779095521804	
-0.3855839922774	
-0.391373666837205	
-0.397147890634784	
-0.402906435713666	
-0.408649074736352	
-0.414375580993287	
-0.42008572841181	
-0.425779291565076	
-0.431456045680962	
-0.437115766650936	
-0.442758231038905	
-0.448383216090036	
-0.45399049973955	
-0.459579860621491	
-0.465151078077462	
-0.470703932165336	
-0.476238203667943	
-0.481753674101719	
-0.487250125725336	
-0.492727341548295	
-0.498185105339495	
-0.503623201635765	
-0.509041415750375	
-0.51443953378151	
-0.519817342620713	
-0.5251746299613	
-0.530511184306738	
-0.535826794979001	
-0.54112125212688	
-0.546394346734273	
-0.551645870628434	
-0.556875616488192	
-0.562083377852135	
-0.567268949126761	
-0.572432125594595	
-0.577572703422272	
-0.58269047966858	
-0.587785252292477	
-0.592856820161064	
-0.597904983057523	
-0.602929541689029	
-0.60793029769461	
-0.612907053652981	
-0.617859613090339	
-0.622787780488117	
-0.627691361290705	
-0.632570161913129	
-0.637423989748694	
-0.642252653176589	
-0.647055961569449	
-0.651833725300883	
-0.656585755752961	
-0.661311865323656	
-0.666011867434256	
-0.670685576536725	
-0.675332808121029	
-0.679953378722424	
-0.684547105928693	
-0.689113808387353	
-0.69365330581281	
-0.698165418993477	
-0.702649969798854	
-0.707106781186552	
-0.71153567720929	
-0.715936483021836	
-0.720309024887912	
-0.724653130187051	
-0.728968627421416	
-0.733255346222565	
-0.737513117358179	
-0.741741772738744	
-0.745941145424187	
-0.750111069630464	
-0.754251380736108	
-0.758361915288727	
-0.762442511011453	
-0.766493006809355	
-0.770513242775794	
-0.774503060198738	
-0.778462301567028	
-0.782390810576593	
-0.786288432136624	
-0.790155012375695	
-0.79399039864784	
-0.797794439538576	
-0.801566984870881	
-0.805307885711127	
-0.809016994374952	
-0.812694164433099	
-0.816339250717189	
-0.819952109325457	
-0.823532597628432	
-0.827080574274566	
-0.830595899195817	
-0.834078433613176	
-0.837528040042146	
-0.840944582298174	
-0.84432792550202	
-0.847677936085088	
-0.850994481794696	
-0.8542774316993	
-0.857526656193657	
-0.860742027003948	
-0.86392341719284	
-0.867070701164494	
-0.87018375466953	
-0.873262454809924	
-0.876306680043868	
-0.879316310190561	
-0.882291226434958	
-0.885231311332459	
-0.888136448813549	
-0.891006524188372	
-0.893841424151268	
-0.89664103678524	
-0.899405251566375	
-0.902133959368207	
-0.904827052466024	
-0.907484424541121	
-0.910105970685	
-0.912691587403507	
-0.915241172620922	
-0.917754625683985	
-0.920231847365874	
-0.922672739870119	
-0.925077206834462	
-0.927445153334665	
-0.929776485888255	
-0.932071112458215	
-0.934328942456616	
-0.936549886748196	
-0.938733857653878	
-0.940880768954229	
-0.942990535892868	
-0.945063075179808	
-0.947098304994748	
-0.949096144990298	
-0.951056516295157	
-0.952979341517222	
-0.954864544746646	
-0.956712051558834	
-0.958521789017379	
-0.960293685676946	
-0.962027671586089	
-0.963723678290013	
-0.965381638833277	
-0.967001487762438	
-0.968583161128634	
-0.970126596490109	
-0.971631732914677	
-0.973098510982129	
-0.97452687278658	
-0.97591676193875	
-0.977268123568196	
-0.978580904325475	
-0.979855052384249	
-0.981090517443336	
-0.982287250728691	
-0.983445204995332	
-0.984564334529207	
-0.985644595149	
-0.98668594420787	
-0.98768834059514	
-0.988651744737916	
-0.989576118602653	
-0.990461425696653	
-0.991307631069508	
-0.992114701314479	
-0.992882604569815	
-0.99361131052001	
-0.994300790397	
-0.994951016981301	
-0.995561964603081	
-0.996133609143174	
-0.996665928034031	
-0.997158900260615	
-0.997612506361226	
-0.998026728428272	
-0.998401550108976	
-0.998736956606018	
-0.999032934678125	
-0.99928947264059	
-0.999506560365732	
-0.9996841892833	
-0.999822352380809	
-0.999921044203816	
-0.999980260856137	
-1.0	
-0.999980260856137	
-0.999921044203816	
-0.999822352380809	
-0.9996841892833	
-0.999506560365731	
-0.999289472640589	
-0.999032934678124	
-0.998736956606017	
-0.998401550108974	
-0.998026728428271	
-0.997612506361224	
-0.997158900260613	
-0.996665928034029	
-0.996133609143171	
-0.995561964603079	
-0.994951016981299	
-0.994300790396997	
-0.993611310520007	
-0.992882604569812	
-0.992114701314476	
-0.991307631069505	
-0.990461425696649	
-0.989576118602649	
-0.988651744737912	
-0.987688340595135	
-0.986685944207866	
-0.985644595148996	
-0.984564334529203	
-0.983445204995327	
-0.982287250728686	
-0.981090517443331	
-0.979855052384244	
-0.978580904325469	
-0.97726812356819	
-0.975916761938744	
-0.974526872786574	
-0.973098510982123	
-0.97163173291467	
-0.970126596490102	
-0.968583161128627	
-0.967001487762431	
-0.96538163883327	
-0.963723678290006	
-0.962027671586082	
-0.960293685676939	
-0.958521789017371	
-0.956712051558826	
-0.954864544746638	
-0.952979341517214	
-0.951056516295149	
-0.94909614499029	
-0.947098304994739	
-0.9450630751798	
-0.942990535892859	
-0.94088076895422	
-0.938733857653869	
-0.936549886748187	
-0.934328942456606	
-0.932071112458205	
-0.929776485888245	
-0.927445153334655	
-0.925077206834452	
-0.922672739870108	
-0.920231847365864	
-0.917754625683975	
-0.915241172620911	
-0.912691587403496	
-0.910105970684989	
-0.90748442454111	
-0.904827052466012	
-0.902133959368196	
-0.899405251566364	
-0.896641036785228	
-0.893841424151256	
-0.89100652418836	
-0.888136448813537	
-0.885231311332447	
-0.882291226434945	
-0.879316310190548	
-0.876306680043855	
-0.873262454809912	
-0.870183754669517	
-0.867070701164481	
-0.863923417192826	
-0.860742027003935	
-0.857526656193643	
-0.854277431699286	
-0.850994481794683	
-0.847677936085074	
-0.844327925502005	
-0.840944582298159	
-0.837528040042132	
-0.834078433613161	
-0.830595899195802	
-0.827080574274552	
-0.823532597628417	
-0.819952109325442	
-0.816339250717173	
-0.812694164433083	
-0.809016994374937	
-0.805307885711111	
-0.801566984870865	
-0.79779443953856	
-0.793990398647824	
-0.790155012375679	
-0.786288432136607	
-0.782390810576576	
-0.778462301567012	
-0.774503060198722	
-0.770513242775777	
-0.766493006809338	
-0.762442511011435	
-0.758361915288709	
-0.754251380736091	
-0.750111069630447	
-0.745941145424169	
-0.741741772738726	
-0.737513117358161	
-0.733255346222547	
-0.728968627421398	
-0.724653130187033	
-0.720309024887893	
-0.715936483021817	
-0.711535677209271	
-0.707106781186533	
-0.702649969798835	
-0.698165418993458	
-0.693653305812791	
-0.689113808387334	
-0.684547105928674	
-0.679953378722404	
-0.675332808121009	
-0.670685576536705	
-0.666011867434236	
-0.661311865323637	
-0.656585755752941	
-0.651833725300864	
-0.647055961569429	
-0.64225265317657	
-0.637423989748675	
-0.63257016191311	
-0.627691361290686	
-0.622787780488099	
-0.617859613090321	
-0.612907053652963	
-0.607930297694592	
-0.602929541689012	
-0.597904983057506	
-0.592856820161047	
-0.587785252292461	
-0.582690479668564	
-0.577572703422256	
-0.57243212559458	
-0.567268949126746	
-0.56208337785212	
-0.556875616488178	
-0.55164587062842	
-0.546394346734259	
-0.541121252126866	
-0.535826794978987	
-0.530511184306725	
-0.525174629961287	
-0.519817342620701	
-0.514439533781498	
-0.509041415750364	
-0.503623201635753	
-0.498185105339484	
-0.492727341548285	
-0.487250125725326	
-0.481753674101709	
-0.476238203667933	
-0.470703932165327	
-0.465151078077453	
-0.459579860621483	
-0.453990499739542	
-0.448383216090028	
-0.442758231038898	
-0.437115766650929	
-0.431456045680956	
-0.42577929156507	
-0.420085728411804	
-0.414375580993282	
-0.408649074736347	
-0.402906435713661	
-0.397147890634779	
-0.391373666837202	
-0.385583992277396	
-0.379779095521801	
-0.373959205737801	
-0.368124552684679	
-0.362275366704547	
-0.356411878713252	
-0.350534320191261	
-0.344642923174519	
-0.338737920245294	
-0.33281954452299	
-0.326888029654946	
-0.320943609807213	
-0.314986519655309	
-0.309016994374952	
-0.303035269632779	
-0.29704158157704	
-0.291036166828277	
-0.285019262469982	
-0.278991106039236	
-0.272951935517332	
-0.266901989320383	
-0.260841506289904	
-0.25477072568339	
-0.248689887164863	
-0.242599230795416	
-0.236498997023734	
-0.2303894266766	
-0.224270760949391	
-0.218143241396553	
-0.212007109922065	
-0.205862608769892	
-0.199709980514418	
-0.193549468050872	
-0.187381314585737	
-0.18120576362715	
-0.175023058975289	
-0.168833444712747	
-0.162637165194897	
-0.156434465040245	
-0.150225589120772	
-0.144010782552267	
-0.137790290684653	
-0.131564359092298	
-0.12533323356432	
-0.119097160094886	
-0.112856384873499	
-0.106611154275277	
-0.100361714851233	
-0.0941083133185325	
-0.0878511965507618	
-0.0815906115681766	
-0.0753268055279521	
-0.0690600257144256	
-0.0627905195293336	
-0.0565185344820451	
-0.0502443181797906	
-0.0439681183178863	
-0.0376901826699563	
-0.0314107590781505	
-0.0251300954433601	
-0.0188484397154312	
-0.012566039883376	
-0.00628314396558272	
-2.41645082849767e-14	
0.0062831439655344	
0.0125660398833277	
0.0188484397153828	
0.0251300954433118	
0.0314107590781022	
0.037690182669908	
0.043968118317838	
0.0502443181797423	
0.0565185344819969	
0.0627905195292854	
0.0690600257143774	
0.075326805527904	
0.0815906115681284	
0.0878511965507136	
0.0941083133184844	
0.100361714851185	
0.106611154275229	
0.112856384873451	
0.119097160094838	
0.125333233564273	
0.13156435909225	
0.137790290684606	
0.144010782552219	
0.150225589120724	
0.156434465040197	
0.16263716519485	
0.1688334447127	
0.175023058975241	
0.181205763627102	
0.187381314585689	
0.193549468050825	
0.199709980514371	
0.205862608769845	
0.212007109922018	
0.218143241396506	
0.224270760949344	
0.230389426676553	
0.236498997023687	
0.242599230795369	
0.248689887164816	
0.254770725683343	
0.260841506289858	
0.266901989320336	
0.272951935517285	
0.278991106039189	
0.285019262469936	
0.291036166828231	
0.297041581576994	
0.303035269632733	
0.309016994374906	
0.314986519655263	
0.320943609807167	
0.3268880296549	
0.332819544522944	
0.338737920245248	
0.344642923174474	
0.350534320191215	
0.356411878713207	
0.362275366704502	
0.368124552684634	
0.373959205737756	
0.379779095521756	
0.385583992277352	
0.391373666837157	
0.397147890634735	
0.402906435713617	
0.408649074736303	
0.414375580993238	
0.42008572841176	
0.425779291565026	
0.431456045680912	
0.437115766650886	
0.442758231038854	
0.448383216089985	
0.453990499739499	
0.45957986062144	
0.46515107807741	
0.470703932165284	
0.476238203667891	
0.481753674101667	
0.487250125725284	
0.492727341548243	
0.498185105339442	
0.503623201635712	
0.509041415750322	
0.514439533781457	
0.51981734262066	
0.525174629961246	
0.530511184306684	
0.535826794978946	
0.541121252126826	
0.546394346734219	
0.55164587062838	
0.556875616488137	
0.56208337785208	
0.567268949126706	
0.57243212559454	
0.577572703422217	
0.582690479668525	
0.587785252292422	
0.592856820161008	
0.597904983057468	
0.602929541688973	
0.607930297694554	
0.612907053652925	
0.617859613090283	
0.622787780488061	
0.627691361290649	
0.632570161913073	
0.637423989748638	
0.642252653176533	
0.647055961569392	
0.651833725300827	
0.656585755752905	
0.6613118653236	
0.6660118674342	
0.670685576536668	
0.675332808120973	
0.679953378722367	
0.684547105928637	
0.689113808387297	
0.693653305812753	
0.698165418993421	
0.702649969798797	
0.707106781186496	
0.711535677209234	
0.71593648302178	
0.720309024887855	
0.724653130186995	
0.72896862742136	
0.733255346222509	
0.737513117358123	
0.741741772738688	
0.745941145424131	
0.750111069630409	
0.754251380736053	
0.758361915288671	
0.762442511011397	
0.766493006809299	
0.770513242775739	
0.774503060198684	
0.778462301566973	
0.782390810576538	
0.786288432136569	
0.790155012375641	
0.793990398647786	
0.797794439538522	
0.801566984870828	
0.805307885711073	
0.809016994374899	
0.812694164433045	
0.816339250717136	
0.819952109325404	
0.82353259762838	
0.827080574274514	
0.830595899195765	
0.834078433613124	
0.837528040042095	
0.840944582298122	
0.844327925501969	
0.847677936085037	
0.850994481794646	
0.85427743169925	
0.857526656193607	
0.860742027003898	
0.86392341719279	
0.867070701164446	
0.870183754669481	
0.873262454809876	
0.87630668004382	
0.879316310190513	
0.88229122643491	
0.885231311332413	
0.888136448813502	
0.891006524188326	
0.893841424151222	
0.896641036785194	
0.89940525156633	
0.902133959368162	
0.904827052465979	
0.907484424541077	
0.910105970684956	
0.912691587403464	
0.915241172620879	
0.917754625683943	
0.920231847365832	
0.922672739870077	
0.925077206834421	
0.927445153334625	
0.929776485888215	
0.932071112458175	
0.934328942456577	
0.936549886748157	
0.93873385765384	
0.940880768954191	
0.942990535892831	
0.945063075179772	
0.947098304994712	
0.949096144990262	
0.951056516295122	
0.952979341517188	
0.954864544746612	
0.9567120515588	
0.958521789017346	
0.960293685676914	
0.962027671586057	
0.963723678289982	
0.965381638833246	
0.967001487762408	
0.968583161128605	
0.97012659649008	
0.971631732914649	
0.973098510982102	
0.974526872786553	
0.975916761938724	
0.97726812356817	
0.97858090432545	
0.979855052384225	
0.981090517443313	
0.982287250728668	
0.98344520499531	
0.984564334529186	
0.985644595148979	
0.98668594420785	
0.98768834059512	
0.988651744737897	
0.989576118602635	
0.990461425696636	
0.991307631069492	
0.992114701314464	
0.9928826045698	
0.993611310519995	
0.994300790396987	
0.994951016981289	
0.995561964603069	
0.996133609143162	
0.99666592803402	
0.997158900260605	
0.997612506361217	
0.998026728428264	
0.998401550108968	
0.998736956606012	
0.999032934678119	
0.999289472640585	
0.999506560365728	
0.999684189283297	
0.999822352380807	
0.999921044203815	
0.999980260856136	
