-0.01552155231534	
-0.00243804271547	
0.0422833455964	
0.03462386707836	
-0.05918432420641	
-0.06971407767694	
0.1574410216725	
0.43927972246684	
0.43927972246684	
0.1574410216725	
-0.06971407767694	
-0.05918432420641	
0.03462386707836	
0.0422833455964	
-0.01795959503081	
0.0	
0.0	
0.0	
0.0	
0.0	
0.0	
0.0	
0.0	
0.0	
0.0	
0.0	
0.0	
0.0	
0.0	
0.0	
0.0	
0.0	
0.0	
0.0	
0.0	
0.0	
0.0	
0.0	
0.0	
0.0	
0.0	
0.0	
0.0	
0.0	
0.0	
0.0	
0.0	
0.0	
0.0	
0.0	
0.0	
0.0	
0.0	
0.0	
0.0	
0.0	
0.0	
0.0	
0.0	
0.0	
0.0	
0.0	
0.0	
0.0	
