9.062500e-01
8.906250e-01
8.359375e-01
5.546875e-01
-7.812500e-03
-7.265625e-01
-8.593750e-01
1.093750e-01
9.140625e-01
-1.171875e-01
-8.437500e-01
7.265625e-01
-7.812500e-03
-5.859375e-01
8.671875e-01
-9.296875e-01
9.296875e-01
-9.218750e-01
8.515625e-01
-5.937500e-01
7.812500e-03
7.031250e-01
-8.593750e-01
-9.375000e-02
9.296875e-01
7.031250e-02
-8.515625e-01
-6.875000e-01
2.343750e-02
5.781250e-01
8.359375e-01
8.984375e-01
8.828125e-01
8.906250e-01
8.125000e-01
5.703125e-01
-2.343750e-02
-7.109375e-01
-8.281250e-01
1.015625e-01
9.218750e-01
-1.250000e-01
-8.671875e-01
7.187500e-01
-2.343750e-02
-5.937500e-01
8.437500e-01
-9.296875e-01
9.375000e-01
-9.296875e-01
8.593750e-01
-5.937500e-01
-7.812500e-03
7.187500e-01
-8.671875e-01
-8.593750e-02
9.140625e-01
7.031250e-02
-8.593750e-01
-7.031250e-01
-1.562500e-02
5.781250e-01
8.281250e-01
8.906250e-01
8.906250e-01
8.906250e-01
8.359375e-01
5.625000e-01
-1.562500e-02
-7.265625e-01
-8.359375e-01
7.812500e-02
9.062500e-01
-1.171875e-01
-8.203125e-01
7.265625e-01
-7.812500e-03
-5.937500e-01
8.671875e-01
-9.375000e-01
9.218750e-01
-9.296875e-01
8.593750e-01
-6.093750e-01
7.812500e-03
7.031250e-01
-8.828125e-01
-7.031250e-02
8.984375e-01
6.250000e-02
-8.437500e-01
-7.031250e-01
7.812500e-03
5.859375e-01
8.203125e-01
8.906250e-01
8.984375e-01
8.750000e-01
8.125000e-01
5.546875e-01
-7.812500e-03
-7.187500e-01
-8.359375e-01
1.015625e-01
9.140625e-01
-1.015625e-01
-8.437500e-01
7.265625e-01
-1.562500e-02
-5.703125e-01
8.515625e-01
-9.296875e-01
9.375000e-01
-9.531250e-01
8.593750e-01
-6.171875e-01
0
7.109375e-01
-8.671875e-01
-6.250000e-02
9.062500e-01
7.812500e-02
-8.437500e-01
-7.109375e-01
7.812500e-03
5.859375e-01
8.203125e-01
8.828125e-01