3.359375e-01
8.437500e-01
7.812500e-01
5.390625e-01
3.906250e-02
-5.468750e-01
-7.031250e-01
-3.125000e-02
6.093750e-01
6.250000e-02
-5.000000e-01
2.187500e-01
1.406250e-01
-3.046875e-01
2.109375e-01
-1.171875e-01
-7.812500e-03
5.468750e-02
-9.375000e-02
1.562500e-02
1.718750e-01
-4.218750e-01
3.750000e-01
1.953125e-01
-6.250000e-01
-2.031250e-01
6.093750e-01
6.406250e-01
7.812500e-02
-4.687500e-01
-7.578125e-01
-8.437500e-01
-8.671875e-01
-8.671875e-01
-7.968750e-01
-5.625000e-01
-4.687500e-02
5.546875e-01
6.875000e-01
1.562500e-02
-6.250000e-01
-7.031250e-02
5.000000e-01
-2.343750e-01
-1.640625e-01
2.812500e-01
-2.265625e-01
1.171875e-01
-7.812500e-03
-7.812500e-02
7.812500e-02
-2.343750e-02
-1.640625e-01
4.140625e-01
-3.828125e-01
-2.031250e-01
6.015625e-01
1.875000e-01
-6.250000e-01
-6.640625e-01
-1.015625e-01
4.609375e-01
7.421875e-01
8.437500e-01
8.750000e-01
8.671875e-01
7.968750e-01
5.468750e-01
3.906250e-02
-5.625000e-01
-7.031250e-01
-3.125000e-02
6.093750e-01
6.250000e-02
-5.078125e-01
2.187500e-01
1.562500e-01
-2.812500e-01
2.343750e-01
-1.093750e-01
0
5.468750e-02
-8.593750e-02
1.562500e-02
1.640625e-01
-4.218750e-01
3.750000e-01
1.953125e-01
-6.171875e-01
-2.031250e-01
6.093750e-01
6.406250e-01
7.812500e-02
-4.765625e-01
-7.656250e-01
-8.515625e-01
-8.671875e-01
-8.593750e-01
-7.968750e-01
-5.546875e-01
-4.687500e-02
5.468750e-01
6.875000e-01
2.343750e-02
-6.171875e-01
-6.250000e-02
5.000000e-01
-2.343750e-01
-1.562500e-01
2.812500e-01
-2.343750e-01
1.093750e-01
-7.812500e-03
-7.031250e-02
7.812500e-02
-2.343750e-02
-1.875000e-01
4.062500e-01
-3.906250e-01
-2.187500e-01
5.937500e-01
1.875000e-01
-6.171875e-01
-6.562500e-01
-9.375000e-02
4.687500e-01
7.578125e-01
8.437500e-01