 1.720229E-08
-6.178165E-03
-3.897881E-03
 3.980778E-03
 6.581103E-03
 2.799568E-08
-6.880235E-03
-4.351131E-03
 4.454696E-03
 7.383680E-03
 1.113101E-08
-7.762323E-03
-4.923630E-03
 5.056700E-03
 8.409184E-03
 2.414090E-08
-8.903837E-03
-5.669645E-03
 5.846799E-03
 9.765508E-03
 1.012215E-09
-1.043899E-02
-6.682092E-03
 6.929528E-03
 1.164349E-02
 1.720229E-08
-1.261378E-02
-8.134693E-03
 8.504427E-03
 1.441575E-02
 1.113101E-08
-1.593319E-02
-1.039432E-02
 1.100574E-02
 1.892067E-02
 1.012215E-09
-2.162361E-02
-1.439216E-02
 1.559148E-02
 2.752098E-02
 1.113101E-08
-3.363675E-02
-2.338724E-02
 2.672824E-02
 5.045512E-02
 1.113101E-08
-7.568267E-02
-6.236596E-02
 9.354892E-02
 3.027307E-01
 4.00000006E-01
  3.027307E-01
  9.354892E-02
 -6.236596E-02
 -7.568267E-02
  1.113101E-08
  5.045512E-02
  2.672824E-02
 -2.338724E-02
 -3.363675E-02
  1.113101E-08
  2.752098E-02
  1.559148E-02
 -1.439216E-02
 -2.162361E-02
  1.012215E-09
  1.892067E-02
  1.100574E-02
 -1.039432E-02
 -1.593319E-02
  1.113101E-08
  1.441575E-02
  8.504427E-03
 -8.134693E-03
 -1.261378E-02
  1.720229E-08
  1.164349E-02
  6.929528E-03
 -6.682092E-03
 -1.043899E-02
  1.012215E-09
  9.765508E-03
  5.846799E-03
 -5.669645E-03
 -8.903837E-03
  2.414090E-08
  8.409184E-03
  5.056700E-03
 -4.923630E-03
 -7.762323E-03
  1.113101E-08
  7.383680E-03
  4.454696E-03
 -4.351131E-03
 -6.880235E-03
  2.799568E-08
  6.581103E-03
  3.980778E-03
 -3.897881E-03
 -6.178165E-03
  1.720229E-08
 