-9.360308E-09
 6.496120E-03
 1.265269E-09
-6.772550E-03
 7.533687E-09
 7.073553E-03
 3.806090E-08
-7.402556E-03
-3.017612E-08
 7.763656E-03
 2.150287E-08
-8.161792E-03
-1.191664E-08
 8.602969E-03
 1.265269E-09
-9.094568E-03
-2.507421E-08
 9.645754E-03
 1.391377E-08
-1.026806E-02
-1.265269E-09
 1.097620E-02
 3.017612E-08
-1.178925E-02
-1.683265E-08
 1.273239E-02
 1.265269E-09
-1.383956E-02
-3.806090E-08
 1.515761E-02
 2.150287E-08
-1.675315E-02
-1.265269E-09
 1.872411E-02
 1.391377E-08
-2.122066E-02
-3.017612E-08
 2.448538E-02
 1.265269E-09
-2.893726E-02
-2.150287E-08
 3.536776E-02
 1.391377E-08
-4.547284E-02
-1.265269E-09
 6.366198E-02
 1.391377E-08
-1.061033E-01
-1.391377E-08
 3.183099E-01
 5.00000000E-01
  3.183099E-01
 -1.391377E-08
 -1.061033E-01
  1.391377E-08
  6.366198E-02
 -1.265269E-09
 -4.547284E-02
  1.391377E-08
  3.536776E-02
 -2.150287E-08
 -2.893726E-02
  1.265269E-09
  2.448538E-02
 -3.017612E-08
 -2.122066E-02
  1.391377E-08
  1.872411E-02
 -1.265269E-09
 -1.675315E-02
  2.150287E-08
  1.515761E-02
 -3.806090E-08
 -1.383956E-02
  1.265269E-09
  1.273239E-02
 -1.683265E-08
 -1.178925E-02
  3.017612E-08
  1.097620E-02
 -1.265269E-09
 -1.026806E-02
  1.391377E-08
  9.645754E-03
 -2.507421E-08
 -9.094568E-03
  1.265269E-09
  8.602969E-03
 -1.191664E-08
 -8.161792E-03
  2.150287E-08
  7.763656E-03
 -3.017612E-08
 -7.402556E-03
  3.806090E-08
  7.073553E-03
  7.533687E-09
 -6.772550E-03
  1.265269E-09
  6.496120E-03
 -9.360308E-09
 