-7.27896E-05
-3.19170E-05
1.18667E-04 
4.25221E-04 
7.89718E-05 
-7.13958E-04
-1.32989E-03
-3.69662E-05
2.27176E-03 
3.64496E-03 
-1.97668E-04
-6.32809E-03
-7.45787E-03
1.05017E-03 
1.29408E-02 
1.52990E-02 
-4.19574E-03
-2.65716E-02
-2.20784E-02
1.30265E-02 
4.09406E-02 
3.60311E-02 
-1.81086E-02
-6.61477E-02
-4.52405E-02
1.78216E-02 
8.44879E-02 
5.73788E-02 
-3.87894E-02
-9.69903E-02
5.35482E-04 
2.67560E-01 
5.60590E-01 
6.88757E-01 
5.54749E-01 
2.46995E-01 
-4.93173E-02
-1.80262E-01
-1.34307E-01
-1.18276E-02
6.70334E-02 
5.69309E-02 
1.66721E-02 
-1.55192E-02
-1.45981E-02
-2.97214E-03
2.64657E-03 
1.74412E-03 
