9.21363E-04 
-1.46552E-03
-2.61512E-03
-6.86809E-04
2.07431E-02 
-4.19836E-02
4.13730E-02 
-2.32880E-02
3.33815E-02 
-1.15102E-01
2.49344E-01 
-3.37074E-01
2.88514E-01 
-1.19349E-01
-6.41682E-02
1.45592E-01 
-9.91363E-02
1.33737E-02 
3.30947E-02 
-2.71235E-02
7.83398E-03 
3.32298E-03 
-3.30408E-03
1.20304E-03 
0.00000E+00 
0.00000E+00 
0.00000E+00 
0.00000E+00 
0.00000E+00 
0.00000E+00 
0.00000E+00 
0.00000E+00 
0.00000E+00 
0.00000E+00 
0.00000E+00 
0.00000E+00 
0.00000E+00 
0.00000E+00 
0.00000E+00 
0.00000E+00 
0.00000E+00 
0.00000E+00 
0.00000E+00 
0.00000E+00 
0.00000E+00 
0.00000E+00 
0.00000E+00 
0.00000E+00 
